subjID	trial	cue	choice	outcome
0	0	2	0	-1
0	1	4	1	0
0	2	2	1	0
0	3	2	1	0
0	4	4	1	0
0	5	4	1	0
0	6	2	1	0
0	7	4	1	0
0	8	2	1	0
0	9	6	1	0
0	10	6	1	0
0	11	4	1	0
0	12	6	0	0
0	13	2	0	-1
0	14	4	1	0
0	15	2	1	0
0	16	4	1	0
0	17	2	1	0
0	18	2	1	0
0	19	4	1	0
0	20	2	1	0
0	21	2	1	0
0	22	2	1	0
0	23	3	1	0
0	24	4	1	0
0	25	2	1	0
0	26	5	1	0
0	27	4	1	0
0	28	4	1	0
0	29	4	1	0
0	30	6	1	0
0	31	4	1	0
0	32	2	1	0
0	33	6	0	0
0	34	7	0	0
0	35	4	1	0
0	36	6	0	0
0	37	3	1	0
0	38	4	1	0
0	39	4	1	0
0	40	4	1	0
0	41	6	0	0
0	42	4	1	0
0	43	7	0	0
0	44	4	1	0
0	45	2	1	0
0	46	3	1	0
0	47	6	0	0
0	48	4	1	0
0	49	1	1	0
0	50	2	1	0
0	51	2	1	0
0	52	7	1	0
0	53	7	1	0
0	54	6	1	0
0	55	4	1	0
0	56	6	1	0
0	57	2	1	0
0	58	2	1	0
0	59	4	1	0
0	60	3	1	0
0	61	1	1	0
0	62	7	1	0
0	63	4	1	0
0	64	4	1	0
0	65	3	1	0
0	66	2	1	0
0	67	4	1	0
0	68	6	1	0
0	69	6	1	0
0	70	4	1	0
0	71	1	1	0
0	72	6	1	0
0	73	2	1	0
0	74	4	1	0
0	75	1	1	0
0	76	5	1	0
0	77	4	1	0
0	78	4	1	0
0	79	4	1	0
0	80	3	0	0
0	81	4	1	0
0	82	7	1	0
0	83	2	1	0
0	84	2	1	0
0	85	1	1	0
0	86	6	1	0
0	87	5	0	0
0	88	2	1	0
0	89	4	1	0
0	90	5	1	0
0	91	5	1	0
0	92	2	1	0
0	93	6	1	0
0	94	6	1	0
0	95	2	1	0
0	96	6	1	0
0	97	6	1	0
0	98	6	1	0
0	99	4	1	0
0	100	2	1	0
0	101	6	1	0
0	102	4	1	0
0	103	3	1	0
0	104	2	1	0
0	105	6	1	0
0	106	4	1	0
0	107	4	1	0
0	108	4	1	0
0	109	6	1	0
0	110	4	1	0
0	111	2	0	-1
0	112	4	0	-1
0	113	4	1	0
0	114	4	1	0
0	115	6	1	0
0	116	2	1	0
0	117	2	1	0
0	118	2	1	0
0	119	2	1	0
0	120	1	1	0
0	121	4	1	0
0	122	2	1	0
0	123	2	1	0
0	124	2	1	0
0	125	2	1	0
0	126	2	1	0
0	127	2	1	0
0	128	4	1	0
0	129	4	1	0
0	130	6	1	0
0	131	7	1	0
0	132	1	1	0
0	133	2	1	0
0	134	5	1	0
0	135	2	1	0
0	136	6	1	0
0	137	2	1	0
0	138	6	1	0
0	139	5	1	0
0	140	6	1	0
0	141	1	1	0
0	142	2	1	0
0	143	6	1	0
0	144	2	1	0
0	145	1	1	0
0	146	3	1	0
0	147	4	1	0
0	148	2	1	0
0	149	2	1	0
0	150	1	1	0
0	151	4	1	0
0	152	5	1	0
0	153	2	1	0
0	154	6	1	0
0	155	4	1	0
0	156	4	1	0
0	157	2	1	0
0	158	4	1	0
0	159	7	1	0
1	0	2	0	-1
1	1	2	1	0
1	2	2	1	0
1	3	3	1	0
1	4	2	1	0
1	5	2	1	0
1	6	2	0	-1
1	7	4	1	0
1	8	2	1	0
1	9	6	1	0
1	10	2	1	0
1	11	4	1	0
1	12	4	1	0
1	13	2	1	0
1	14	3	1	0
1	15	2	1	0
1	16	2	1	0
1	17	2	1	0
1	18	6	0	0
1	19	5	0	0
1	20	2	1	0
1	21	6	0	0
1	22	4	1	0
1	23	4	1	0
1	24	4	1	0
1	25	3	0	0
1	26	6	0	0
1	27	6	0	0
1	28	6	0	0
1	29	7	0	0
1	30	1	1	0
1	31	4	1	0
1	32	6	0	0
1	33	2	1	0
1	34	2	1	0
1	35	4	1	0
1	36	5	1	0
1	37	3	1	0
1	38	2	1	0
1	39	6	1	0
1	40	1	1	0
1	41	6	1	0
1	42	4	1	0
1	43	4	1	0
1	44	6	1	0
1	45	2	1	0
1	46	6	0	0
1	47	6	0	0
1	48	4	1	0
1	49	2	1	0
1	50	2	1	0
1	51	2	1	0
1	52	6	1	0
1	53	6	1	0
1	54	3	1	0
1	55	2	1	0
1	56	3	1	0
1	57	7	1	0
1	58	2	1	0
1	59	2	1	0
1	60	6	1	0
1	61	2	1	0
1	62	2	1	0
1	63	6	1	0
1	64	2	1	0
1	65	4	1	0
1	66	4	1	0
1	67	2	1	0
1	68	2	1	0
1	69	2	1	0
1	70	6	1	0
1	71	1	1	0
1	72	2	1	0
1	73	3	1	0
1	74	2	1	0
1	75	4	1	0
1	76	4	1	0
1	77	4	1	0
1	78	2	1	0
1	79	4	1	0
1	80	6	1	0
1	81	6	1	0
1	82	4	1	0
1	83	6	1	0
1	84	1	1	0
1	85	2	1	0
1	86	6	1	0
1	87	4	1	0
1	88	3	0	0
1	89	4	1	0
1	90	4	1	0
1	91	6	1	0
1	92	4	1	0
1	93	6	1	0
1	94	4	1	0
1	95	6	1	0
1	96	4	1	0
1	97	7	1	0
1	98	4	0	-1
1	99	1	1	0
1	100	6	1	0
1	101	6	1	0
1	102	2	1	0
1	103	7	1	0
1	104	4	1	0
1	105	6	1	0
1	106	2	1	0
1	107	6	1	0
1	108	5	0	0
1	109	4	1	0
1	110	7	1	0
1	111	4	1	0
1	112	4	1	0
1	113	1	1	0
1	114	4	1	0
1	115	6	1	0
1	116	4	1	0
1	117	5	1	0
1	118	4	1	0
1	119	2	1	0
1	120	4	1	0
1	121	4	1	0
1	122	3	1	0
1	123	5	1	0
1	124	2	1	0
1	125	4	1	0
1	126	4	1	0
1	127	7	1	0
1	128	6	1	0
1	129	4	1	0
1	130	2	1	0
1	131	4	1	0
1	132	4	1	0
1	133	6	1	0
1	134	4	1	0
1	135	6	1	0
1	136	5	1	0
1	137	6	1	0
1	138	1	1	0
1	139	6	1	0
1	140	7	1	0
1	141	2	1	0
1	142	2	1	0
1	143	3	1	0
1	144	4	1	0
1	145	4	1	0
1	146	4	1	0
1	147	6	1	0
1	148	4	1	0
1	149	6	1	0
1	150	4	1	0
1	151	2	1	0
1	152	7	1	0
1	153	7	1	0
1	154	4	1	0
1	155	6	1	0
1	156	5	1	0
1	157	2	1	0
1	158	4	1	0
1	159	5	1	0
2	0	2	0	-1
2	1	4	1	0
2	2	6	0	0
2	3	2	1	0
2	4	4	1	0
2	5	5	1	0
2	6	4	1	0
2	7	4	1	0
2	8	2	1	0
2	9	6	0	0
2	10	2	1	0
2	11	4	0	-1
2	12	2	1	0
2	13	2	1	0
2	14	6	0	0
2	15	2	1	0
2	16	4	1	0
2	17	4	1	0
2	18	2	1	0
2	19	4	1	0
2	20	4	1	0
2	21	4	1	0
2	22	3	1	0
2	23	2	1	0
2	24	6	0	0
2	25	4	1	0
2	26	6	0	0
2	27	4	1	0
2	28	2	1	0
2	29	4	1	0
2	30	6	0	0
2	31	6	0	0
2	32	6	0	0
2	33	2	1	0
2	34	3	1	0
2	35	2	1	0
2	36	7	0	0
2	37	4	1	0
2	38	6	0	0
2	39	4	1	0
2	40	2	1	0
2	41	4	1	0
2	42	2	1	0
2	43	4	1	0
2	44	6	0	0
2	45	6	1	0
2	46	2	1	0
2	47	2	1	0
2	48	6	1	0
2	49	4	1	0
2	50	2	1	0
2	51	4	1	0
2	52	2	1	0
2	53	2	1	0
2	54	1	1	0
2	55	2	1	0
2	56	4	1	0
2	57	2	1	0
2	58	2	1	0
2	59	4	1	0
2	60	6	1	0
2	61	1	1	0
2	62	2	1	0
2	63	6	1	0
2	64	5	1	0
2	65	6	1	0
2	66	6	1	0
2	67	2	1	0
2	68	6	1	0
2	69	2	1	0
2	70	6	1	0
2	71	7	0	0
2	72	2	1	0
2	73	6	1	0
2	74	1	1	0
2	75	4	1	0
2	76	4	1	0
2	77	4	1	0
2	78	6	1	0
2	79	6	1	0
2	80	4	1	0
2	81	2	1	0
2	82	6	1	0
2	83	2	1	0
2	84	6	1	0
2	85	2	1	0
2	86	6	1	0
2	87	5	1	0
2	88	2	1	0
2	89	6	1	0
2	90	2	1	0
2	91	2	1	0
2	92	3	1	0
2	93	4	1	0
2	94	2	1	0
2	95	6	1	0
2	96	4	1	0
2	97	7	1	0
2	98	2	0	-1
2	99	4	0	-1
2	100	6	1	0
2	101	7	1	0
2	102	4	1	0
2	103	4	1	0
2	104	6	1	0
2	105	4	1	0
2	106	4	1	0
2	107	7	1	0
2	108	4	1	0
2	109	2	1	0
2	110	6	1	0
2	111	4	1	0
2	112	3	1	0
2	113	6	1	0
2	114	1	1	0
2	115	6	1	0
2	116	2	1	0
2	117	2	1	0
2	118	6	1	0
2	119	4	1	0
2	120	2	1	0
2	121	7	1	0
2	122	3	1	0
2	123	6	1	0
2	124	4	1	0
2	125	3	1	0
2	126	4	1	0
2	127	6	1	0
2	128	7	1	0
2	129	6	1	0
2	130	4	1	0
2	131	6	1	0
2	132	6	1	0
2	133	4	1	0
2	134	6	1	0
2	135	6	1	0
2	136	6	1	0
2	137	5	1	0
2	138	4	1	0
2	139	4	1	0
2	140	2	1	0
2	141	2	1	0
2	142	2	1	0
2	143	4	1	0
2	144	3	1	0
2	145	6	1	0
2	146	4	1	0
2	147	4	1	0
2	148	2	1	0
2	149	2	1	0
2	150	6	1	0
2	151	2	1	0
2	152	4	1	0
2	153	4	1	0
2	154	5	1	0
2	155	4	1	0
2	156	2	1	0
2	157	6	1	0
2	158	5	1	0
2	159	2	1	0
