subjID	trial	cue	choice	outcome
0	0	2	1	0
0	1	4	0	-1
0	2	2	0	-1
0	3	2	0	-1
0	4	4	1	0
0	5	4	1	0
0	6	2	1	0
0	7	4	1	0
0	8	2	1	0
0	9	6	1	0
0	10	6	0	0
0	11	4	0	-1
0	12	6	1	0
0	13	2	0	-1
0	14	4	0	-1
0	15	2	0	-1
0	16	4	1	0
0	17	2	1	0
0	18	2	1	0
0	19	4	0	-1
0	20	2	0	-1
0	21	2	1	0
0	22	2	1	0
0	23	3	0	0
0	24	4	0	-1
0	25	2	1	0
0	26	5	1	0
0	27	4	0	-1
0	28	4	1	0
0	29	4	1	0
0	30	6	0	0
0	31	4	1	0
0	32	2	0	-1
0	33	6	1	0
0	34	7	0	0
0	35	4	0	-1
0	36	6	0	0
0	37	3	0	0
0	38	4	0	-1
0	39	4	1	0
0	40	4	0	-1
0	41	6	1	0
0	42	4	1	0
0	43	7	1	0
0	44	4	1	0
0	45	2	1	0
0	46	3	0	0
0	47	6	0	0
0	48	4	1	0
0	49	1	0	0
0	50	2	0	-1
0	51	2	1	0
0	52	7	1	0
0	53	7	1	0
0	54	6	0	0
0	55	4	0	-1
0	56	6	0	0
0	57	2	1	0
0	58	2	1	0
0	59	4	1	0
0	60	3	0	0
0	61	1	0	0
0	62	7	0	0
0	63	4	1	0
0	64	4	0	-1
0	65	3	1	0
0	66	2	0	-1
0	67	4	1	0
0	68	6	1	0
0	69	6	0	0
0	70	4	0	-1
0	71	1	1	0
0	72	6	0	0
0	73	2	1	0
0	74	4	1	0
0	75	1	1	0
0	76	5	1	0
0	77	4	1	0
0	78	4	0	-1
0	79	4	0	-1
0	80	3	1	0
0	81	4	0	-1
0	82	7	0	0
0	83	2	0	-1
0	84	2	0	-1
0	85	1	1	0
0	86	6	1	0
0	87	5	1	0
0	88	2	0	-1
0	89	4	1	0
0	90	5	1	0
0	91	5	1	0
0	92	2	1	0
0	93	6	1	0
0	94	6	1	0
0	95	2	1	0
0	96	6	1	0
0	97	6	1	0
0	98	6	1	0
0	99	4	1	0
0	100	2	1	0
0	101	6	1	0
0	102	4	1	0
0	103	3	1	0
0	104	2	1	0
0	105	6	1	0
0	106	4	1	0
0	107	4	1	0
0	108	4	1	0
0	109	6	1	0
0	110	4	1	0
0	111	2	1	0
0	112	4	1	0
0	113	4	1	0
0	114	4	1	0
0	115	6	1	0
0	116	2	1	0
0	117	2	1	0
0	118	2	1	0
0	119	2	1	0
0	120	1	1	0
0	121	4	1	0
0	122	2	1	0
0	123	2	1	0
0	124	2	1	0
0	125	2	1	0
0	126	2	1	0
0	127	2	1	0
0	128	4	1	0
0	129	4	1	0
0	130	6	1	0
0	131	7	1	0
0	132	1	1	0
0	133	2	1	0
0	134	5	1	0
0	135	2	1	0
0	136	6	1	0
0	137	2	1	0
0	138	6	1	0
0	139	5	1	0
0	140	6	1	0
0	141	1	1	0
0	142	2	1	0
0	143	6	1	0
0	144	2	1	0
0	145	1	1	0
0	146	3	1	0
0	147	4	1	0
0	148	2	1	0
0	149	2	1	0
0	150	1	1	0
0	151	4	1	0
0	152	5	1	0
0	153	2	1	0
0	154	6	1	0
0	155	4	1	0
0	156	4	1	0
0	157	2	1	0
0	158	4	1	0
0	159	7	1	0
0	160	4	1	0
0	161	2	1	0
0	162	4	1	0
0	163	4	1	0
0	164	4	1	0
0	165	4	1	0
0	166	1	1	0
0	167	2	1	0
0	168	4	1	0
0	169	6	1	0
0	170	6	1	0
0	171	6	1	0
0	172	4	1	0
0	173	7	1	0
0	174	3	1	0
0	175	4	1	0
0	176	6	1	0
0	177	6	1	0
0	178	4	1	0
0	179	6	1	0
0	180	4	1	0
0	181	6	1	0
0	182	1	1	0
0	183	1	1	0
0	184	6	1	0
0	185	2	1	0
0	186	5	1	0
0	187	2	1	0
0	188	2	1	0
0	189	4	1	0
1	0	6	1	0
1	1	2	1	0
1	2	2	1	0
1	3	6	0	0
1	4	2	0	-1
1	5	4	0	-1
1	6	4	1	0
1	7	2	1	0
1	8	2	0	-1
1	9	2	0	-1
1	10	6	0	0
1	11	1	1	0
1	12	2	1	0
1	13	3	1	0
1	14	2	1	0
1	15	4	0	-1
1	16	4	0	-1
1	17	4	0	-1
1	18	2	1	0
1	19	4	1	0
1	20	6	1	0
1	21	6	0	0
1	22	4	1	0
1	23	6	0	0
1	24	1	1	0
1	25	2	1	0
1	26	6	1	0
1	27	4	1	0
1	28	3	1	0
1	29	4	1	0
1	30	4	1	0
1	31	6	1	0
1	32	4	0	-1
1	33	6	0	0
1	34	4	0	-1
1	35	6	1	0
1	36	4	0	-1
1	37	7	1	0
1	38	4	1	0
1	39	1	1	0
1	40	6	1	0
1	41	6	1	0
1	42	2	1	0
1	43	7	0	0
1	44	4	1	0
1	45	6	1	0
1	46	2	1	0
1	47	6	0	0
1	48	5	1	0
1	49	4	1	0
1	50	7	1	0
1	51	4	1	0
1	52	4	0	-1
1	53	1	1	0
1	54	4	0	-1
1	55	6	0	0
1	56	4	1	0
1	57	5	1	0
1	58	4	1	0
1	59	2	0	-1
1	60	4	1	0
1	61	4	0	-1
1	62	3	1	0
1	63	5	1	0
1	64	2	1	0
1	65	4	1	0
1	66	4	0	-1
1	67	7	1	0
1	68	6	0	0
1	69	4	1	0
1	70	2	1	0
1	71	4	1	0
1	72	4	0	-1
1	73	6	0	0
1	74	4	1	0
1	75	6	1	0
1	76	5	1	0
1	77	6	1	0
1	78	1	1	0
1	79	6	1	0
1	80	7	0	0
1	81	2	1	0
1	82	2	1	0
1	83	3	1	0
1	84	4	0	-1
1	85	4	1	0
1	86	4	1	0
1	87	6	1	0
1	88	4	1	0
1	89	6	1	0
1	90	4	1	0
1	91	2	1	0
1	92	7	1	0
1	93	7	1	0
1	94	4	0	-1
1	95	6	1	0
1	96	5	1	0
1	97	2	1	0
1	98	4	1	0
1	99	5	1	0
1	100	4	0	-1
1	101	4	1	0
1	102	4	1	0
1	103	6	1	0
1	104	6	1	0
1	105	2	0	-1
1	106	6	1	0
1	107	4	1	0
1	108	6	1	0
1	109	4	1	0
1	110	1	1	0
1	111	5	1	0
1	112	3	1	0
1	113	4	1	0
1	114	2	1	0
1	115	2	1	0
1	116	2	1	0
1	117	6	1	0
1	118	6	1	0
1	119	7	1	0
1	120	4	1	0
1	121	6	1	0
1	122	2	1	0
1	123	6	1	0
1	124	4	1	0
1	125	6	1	0
1	126	2	1	0
1	127	6	1	0
1	128	2	1	0
1	129	6	1	0
1	130	4	1	0
1	131	2	1	0
1	132	2	1	0
1	133	6	1	0
1	134	4	1	0
1	135	2	1	0
1	136	2	1	0
1	137	6	1	0
1	138	5	1	0
1	139	2	1	0
1	140	6	1	0
1	141	2	1	0
1	142	2	1	0
1	143	1	1	0
1	144	4	1	0
1	145	6	1	0
1	146	6	1	0
1	147	4	1	0
1	148	2	1	0
1	149	4	1	0
1	150	2	1	0
1	151	2	1	0
1	152	2	1	0
1	153	7	1	0
1	154	4	1	0
1	155	1	1	0
1	156	4	1	0
1	157	6	1	0
1	158	6	1	0
1	159	6	1	0
1	160	6	1	0
1	161	2	1	0
1	162	3	1	0
1	163	4	1	0
1	164	2	1	0
1	165	4	1	0
1	166	2	1	0
1	167	2	1	0
1	168	6	1	0
1	169	2	1	0
1	170	4	1	0
1	171	4	1	0
1	172	6	1	0
1	173	2	1	0
1	174	2	1	0
1	175	6	1	0
1	176	2	1	0
1	177	2	1	0
1	178	2	1	0
1	179	4	1	0
1	180	2	1	0
1	181	3	1	0
1	182	3	1	0
1	183	4	1	0
1	184	4	1	0
1	185	5	1	0
1	186	2	1	0
1	187	3	1	0
1	188	7	1	0
1	189	2	1	0
2	0	2	0	-1
2	1	7	0	0
2	2	3	1	0
2	3	6	1	0
2	4	4	1	0
2	5	3	0	0
2	6	4	1	0
2	7	6	1	0
2	8	7	0	0
2	9	6	0	0
2	10	4	0	-1
2	11	6	1	0
2	12	6	0	0
2	13	4	1	0
2	14	6	1	0
2	15	6	1	0
2	16	6	0	0
2	17	5	1	0
2	18	4	0	-1
2	19	4	1	0
2	20	2	1	0
2	21	2	1	0
2	22	2	1	0
2	23	4	1	0
2	24	3	1	0
2	25	6	0	0
2	26	4	1	0
2	27	4	1	0
2	28	2	1	0
2	29	2	1	0
2	30	6	0	0
2	31	2	1	0
2	32	4	1	0
2	33	4	1	0
2	34	5	1	0
2	35	4	0	-1
2	36	2	1	0
2	37	6	1	0
2	38	5	0	0
2	39	2	1	0
2	40	6	0	0
2	41	4	0	-1
2	42	4	0	-1
2	43	2	0	-1
2	44	2	0	-1
2	45	2	1	0
2	46	6	0	0
2	47	6	1	0
2	48	4	0	-1
2	49	2	0	-1
2	50	2	0	-1
2	51	6	0	0
2	52	6	0	0
2	53	4	1	0
2	54	2	1	0
2	55	4	0	-1
2	56	4	1	0
2	57	1	0	0
2	58	6	1	0
2	59	5	0	0
2	60	4	0	-1
2	61	6	1	0
2	62	6	1	0
2	63	2	1	0
2	64	2	1	0
2	65	4	1	0
2	66	6	1	0
2	67	6	1	0
2	68	2	1	0
2	69	6	1	0
2	70	4	1	0
2	71	2	1	0
2	72	6	1	0
2	73	2	1	0
2	74	3	1	0
2	75	2	1	0
2	76	4	1	0
2	77	4	1	0
2	78	5	1	0
2	79	1	1	0
2	80	4	1	0
2	81	1	1	0
2	82	2	1	0
2	83	2	1	0
2	84	4	1	0
2	85	6	1	0
2	86	6	1	0
2	87	4	1	0
2	88	3	1	0
2	89	1	1	0
2	90	5	1	0
2	91	3	1	0
2	92	4	1	0
2	93	4	1	0
2	94	2	1	0
2	95	4	1	0
2	96	4	1	0
2	97	4	1	0
2	98	6	1	0
2	99	6	1	0
2	100	2	1	0
2	101	6	1	0
2	102	1	0	0
2	103	2	1	0
2	104	2	1	0
2	105	3	1	0
2	106	2	1	0
2	107	2	1	0
2	108	4	1	0
2	109	4	1	0
2	110	2	1	0
2	111	2	1	0
2	112	4	1	0
2	113	5	1	0
2	114	5	1	0
2	115	1	0	0
2	116	2	1	0
2	117	5	1	0
2	118	2	1	0
2	119	2	1	0
2	120	4	1	0
2	121	3	1	0
2	122	5	1	0
2	123	1	1	0
2	124	2	1	0
2	125	2	1	0
2	126	3	1	0
2	127	1	1	0
2	128	4	1	0
2	129	1	1	0
2	130	2	1	0
2	131	6	1	0
2	132	2	1	0
2	133	5	1	0
2	134	4	1	0
2	135	6	1	0
2	136	4	1	0
2	137	2	1	0
2	138	7	1	0
2	139	6	1	0
2	140	2	1	0
2	141	4	1	0
2	142	2	1	0
2	143	6	1	0
2	144	2	1	0
2	145	5	1	0
2	146	7	1	0
2	147	6	1	0
2	148	6	1	0
2	149	5	1	0
2	150	2	1	0
2	151	2	1	0
2	152	2	1	0
2	153	6	0	0
2	154	6	0	0
2	155	2	1	0
2	156	7	1	0
2	157	4	1	0
2	158	2	1	0
2	159	4	1	0
2	160	4	1	0
2	161	2	1	0
2	162	5	1	0
2	163	4	1	0
2	164	2	0	-1
2	165	6	1	0
2	166	4	0	-1
2	167	3	1	0
2	168	2	1	0
2	169	4	1	0
2	170	2	1	0
2	171	6	1	0
2	172	4	1	0
2	173	6	1	0
2	174	3	1	0
2	175	4	1	0
2	176	4	1	0
2	177	6	1	0
2	178	2	1	0
2	179	4	1	0
2	180	2	1	0
2	181	6	1	0
2	182	6	1	0
2	183	4	1	0
2	184	5	1	0
2	185	4	1	0
2	186	4	1	0
2	187	6	1	0
2	188	7	1	0
2	189	2	1	0
3	0	2	1	0
3	1	6	1	0
3	2	7	0	0
3	3	2	0	-1
3	4	6	1	0
3	5	2	0	-1
3	6	6	0	0
3	7	2	0	-1
3	8	2	0	-1
3	9	6	1	0
3	10	2	1	0
3	11	2	1	0
3	12	2	1	0
3	13	5	0	0
3	14	1	1	0
3	15	2	1	0
3	16	2	1	0
3	17	4	1	0
3	18	1	1	0
3	19	6	0	0
3	20	4	1	0
3	21	4	1	0
3	22	2	0	-1
3	23	6	0	0
3	24	1	0	0
3	25	2	1	0
3	26	6	1	0
3	27	2	1	0
3	28	4	0	-1
3	29	4	0	-1
3	30	2	0	-1
3	31	4	1	0
3	32	2	0	-1
3	33	5	0	0
3	34	2	1	0
3	35	4	1	0
3	36	4	1	0
3	37	1	0	0
3	38	2	1	0
3	39	2	1	0
3	40	4	0	-1
3	41	4	1	0
3	42	7	1	0
3	43	3	1	0
3	44	2	1	0
3	45	7	0	0
3	46	4	1	0
3	47	7	0	0
3	48	3	1	0
3	49	2	1	0
3	50	4	1	0
3	51	7	0	0
3	52	2	1	0
3	53	4	0	-1
3	54	6	1	0
3	55	2	1	0
3	56	6	0	0
3	57	2	0	-1
3	58	2	1	0
3	59	2	0	-1
3	60	7	0	0
3	61	4	1	0
3	62	2	1	0
3	63	6	0	0
3	64	4	1	0
3	65	3	0	0
3	66	6	1	0
3	67	5	1	0
3	68	7	1	0
3	69	2	1	0
3	70	6	0	0
3	71	5	1	0
3	72	2	1	0
3	73	4	1	0
3	74	2	1	0
3	75	6	0	0
3	76	2	1	0
3	77	2	0	-1
3	78	6	1	0
3	79	6	1	0
3	80	2	1	0
3	81	2	1	0
3	82	1	0	0
3	83	2	1	0
3	84	6	1	0
3	85	2	1	0
3	86	4	1	0
3	87	6	1	0
3	88	7	1	0
3	89	6	1	0
3	90	6	1	0
3	91	6	1	0
3	92	3	0	0
3	93	5	1	0
3	94	6	1	0
3	95	4	1	0
3	96	4	0	-1
3	97	7	1	0
3	98	3	0	0
3	99	6	1	0
3	100	7	1	0
3	101	4	1	0
3	102	6	1	0
3	103	6	1	0
3	104	6	1	0
3	105	2	0	-1
3	106	6	1	0
3	107	2	1	0
3	108	6	1	0
3	109	2	0	-1
3	110	6	1	0
3	111	2	1	0
3	112	6	1	0
3	113	6	1	0
3	114	2	1	0
3	115	2	1	0
3	116	7	1	0
3	117	7	1	0
3	118	2	1	0
3	119	5	0	0
3	120	4	1	0
3	121	2	1	0
3	122	6	1	0
3	123	5	1	0
3	124	2	1	0
3	125	4	1	0
3	126	4	1	0
3	127	7	1	0
3	128	7	1	0
3	129	2	1	0
3	130	6	1	0
3	131	5	1	0
3	132	4	1	0
3	133	4	1	0
3	134	4	1	0
3	135	1	1	0
3	136	6	1	0
3	137	6	1	0
3	138	6	1	0
3	139	4	1	0
3	140	2	1	0
3	141	6	1	0
3	142	2	1	0
3	143	2	1	0
3	144	2	1	0
3	145	4	1	0
3	146	4	1	0
3	147	6	1	0
3	148	2	1	0
3	149	1	1	0
3	150	7	1	0
3	151	2	1	0
3	152	3	1	0
3	153	1	1	0
3	154	6	1	0
3	155	6	1	0
3	156	4	1	0
3	157	2	1	0
3	158	6	1	0
3	159	2	1	0
3	160	4	1	0
3	161	2	1	0
3	162	7	1	0
3	163	7	1	0
3	164	6	1	0
3	165	4	1	0
3	166	4	1	0
3	167	4	1	0
3	168	4	1	0
3	169	2	1	0
3	170	2	1	0
3	171	6	1	0
3	172	6	1	0
3	173	7	1	0
3	174	6	1	0
3	175	4	1	0
3	176	2	1	0
3	177	2	1	0
3	178	2	1	0
3	179	6	1	0
3	180	2	1	0
3	181	4	1	0
3	182	2	1	0
3	183	2	1	0
3	184	4	1	0
3	185	4	1	0
3	186	7	1	0
3	187	2	1	0
3	188	2	1	0
3	189	7	1	0
4	0	2	1	0
4	1	1	0	0
4	2	2	0	-1
4	3	2	0	-1
4	4	6	0	0
4	5	2	1	0
4	6	6	0	0
4	7	2	1	0
4	8	2	0	-1
4	9	4	0	-1
4	10	4	1	0
4	11	4	1	0
4	12	6	1	0
4	13	4	0	-1
4	14	4	1	0
4	15	2	0	-1
4	16	6	0	0
4	17	6	0	0
4	18	6	1	0
4	19	2	1	0
4	20	4	1	0
4	21	5	1	0
4	22	1	1	0
4	23	6	0	0
4	24	6	0	0
4	25	4	1	0
4	26	3	1	0
4	27	6	1	0
4	28	6	1	0
4	29	4	1	0
4	30	6	1	0
4	31	2	0	-1
4	32	3	1	0
4	33	6	0	0
4	34	3	0	0
4	35	4	1	0
4	36	5	1	0
4	37	4	0	-1
4	38	4	1	0
4	39	2	1	0
4	40	4	1	0
4	41	2	1	0
4	42	6	1	0
4	43	6	0	0
4	44	2	1	0
4	45	4	1	0
4	46	5	1	0
4	47	4	0	-1
4	48	2	1	0
4	49	6	0	0
4	50	2	1	0
4	51	5	0	0
4	52	2	0	-1
4	53	4	0	-1
4	54	2	1	0
4	55	4	0	-1
4	56	7	1	0
4	57	7	1	0
4	58	4	0	-1
4	59	6	1	0
4	60	6	0	0
4	61	6	1	0
4	62	2	0	-1
4	63	4	1	0
4	64	6	1	0
4	65	6	0	0
4	66	2	1	0
4	67	6	0	0
4	68	4	1	0
4	69	2	1	0
4	70	2	0	-1
4	71	6	0	0
4	72	4	0	-1
4	73	7	0	0
4	74	2	0	-1
4	75	2	1	0
4	76	2	0	-1
4	77	4	0	-1
4	78	1	1	0
4	79	4	1	0
4	80	2	1	0
4	81	7	1	0
4	82	2	1	0
4	83	6	1	0
4	84	2	1	0
4	85	4	1	0
4	86	5	1	0
4	87	4	1	0
4	88	6	1	0
4	89	4	1	0
4	90	5	1	0
4	91	6	1	0
4	92	2	1	0
4	93	4	1	0
4	94	7	1	0
4	95	6	1	0
4	96	6	1	0
4	97	4	1	0
4	98	6	1	0
4	99	6	1	0
4	100	4	1	0
4	101	4	1	0
4	102	5	1	0
4	103	6	1	0
4	104	4	1	0
4	105	3	1	0
4	106	2	1	0
4	107	6	1	0
4	108	6	1	0
4	109	2	1	0
4	110	6	1	0
4	111	2	1	0
4	112	6	1	0
4	113	2	1	0
4	114	5	1	0
4	115	4	1	0
4	116	2	1	0
4	117	6	1	0
4	118	6	1	0
4	119	6	1	0
4	120	4	1	0
4	121	4	1	0
4	122	5	1	0
4	123	6	1	0
4	124	4	1	0
4	125	5	1	0
4	126	4	1	0
4	127	2	1	0
4	128	6	1	0
4	129	6	1	0
4	130	4	1	0
4	131	7	1	0
4	132	4	1	0
4	133	6	1	0
4	134	6	1	0
4	135	4	1	0
4	136	2	1	0
4	137	4	1	0
4	138	3	1	0
4	139	1	1	0
4	140	1	1	0
4	141	4	1	0
4	142	2	1	0
4	143	6	1	0
4	144	7	1	0
4	145	2	1	0
4	146	6	1	0
4	147	3	1	0
4	148	6	1	0
4	149	4	1	0
4	150	6	1	0
4	151	5	1	0
4	152	2	1	0
4	153	2	1	0
4	154	4	1	0
4	155	4	1	0
4	156	4	1	0
4	157	6	1	0
4	158	1	1	0
4	159	2	1	0
4	160	3	1	0
4	161	6	1	0
4	162	1	1	0
4	163	4	1	0
4	164	1	1	0
4	165	4	1	0
4	166	4	1	0
4	167	2	1	0
4	168	4	1	0
4	169	4	1	0
4	170	4	1	0
4	171	6	1	0
4	172	2	1	0
4	173	3	1	0
4	174	4	1	0
4	175	3	1	0
4	176	2	1	0
4	177	2	1	0
4	178	6	1	0
4	179	2	1	0
4	180	5	1	0
4	181	6	1	0
4	182	2	1	0
4	183	2	1	0
4	184	4	1	0
4	185	6	1	0
4	186	3	1	0
4	187	6	1	0
4	188	7	1	0
4	189	5	1	0
5	0	2	1	0
5	1	6	1	0
5	2	4	0	-1
5	3	6	0	0
5	4	6	1	0
5	5	2	0	-1
5	6	2	0	-1
5	7	4	1	0
5	8	1	1	0
5	9	6	0	0
5	10	3	1	0
5	11	6	1	0
5	12	2	1	0
5	13	3	0	0
5	14	5	0	0
5	15	2	1	0
5	16	2	0	-1
5	17	3	0	0
5	18	1	1	0
5	19	6	0	0
5	20	2	1	0
5	21	2	0	-1
5	22	2	1	0
5	23	4	0	-1
5	24	2	0	-1
5	25	4	1	0
5	26	5	1	0
5	27	2	1	0
5	28	3	1	0
5	29	4	0	-1
5	30	2	1	0
5	31	6	0	0
5	32	1	0	0
5	33	2	0	-1
5	34	2	1	0
5	35	5	1	0
5	36	2	1	0
5	37	6	0	0
5	38	6	0	0
5	39	5	0	0
5	40	4	0	-1
5	41	2	0	-1
5	42	3	1	0
5	43	6	1	0
5	44	4	1	0
5	45	6	0	0
5	46	4	0	-1
5	47	2	0	-1
5	48	2	1	0
5	49	5	0	0
5	50	2	1	0
5	51	5	0	0
5	52	6	1	0
5	53	1	0	0
5	54	2	1	0
5	55	3	0	0
5	56	2	1	0
5	57	4	0	-1
5	58	4	1	0
5	59	4	0	-1
5	60	2	1	0
5	61	3	0	0
5	62	2	0	-1
5	63	2	0	-1
5	64	4	0	-1
5	65	1	0	0
5	66	2	1	0
5	67	4	0	-1
5	68	2	0	-1
5	69	4	1	0
5	70	4	1	0
5	71	4	1	0
5	72	6	1	0
5	73	2	1	0
5	74	6	1	0
5	75	5	1	0
5	76	4	1	0
5	77	6	1	0
5	78	4	1	0
5	79	5	1	0
5	80	6	1	0
5	81	3	1	0
5	82	4	1	0
5	83	4	1	0
5	84	2	1	0
5	85	2	1	0
5	86	2	1	0
5	87	6	1	0
5	88	6	1	0
5	89	3	1	0
5	90	6	1	0
5	91	6	1	0
5	92	6	1	0
5	93	2	1	0
5	94	6	1	0
5	95	2	1	0
5	96	6	1	0
5	97	6	1	0
5	98	7	1	0
5	99	6	1	0
5	100	2	1	0
5	101	6	1	0
5	102	2	1	0
5	103	2	1	0
5	104	2	1	0
5	105	2	1	0
5	106	4	1	0
5	107	6	1	0
5	108	2	1	0
5	109	4	1	0
5	110	6	1	0
5	111	4	1	0
5	112	1	0	0
5	113	4	1	0
5	114	6	1	0
5	115	4	1	0
5	116	3	1	0
5	117	4	1	0
5	118	4	1	0
5	119	2	1	0
5	120	4	1	0
5	121	2	1	0
5	122	5	1	0
5	123	4	1	0
5	124	4	1	0
5	125	6	1	0
5	126	4	1	0
5	127	2	1	0
5	128	2	1	0
5	129	2	1	0
5	130	4	1	0
5	131	3	1	0
5	132	2	1	0
5	133	6	1	0
5	134	4	1	0
5	135	6	1	0
5	136	2	1	0
5	137	2	1	0
5	138	4	1	0
5	139	6	1	0
5	140	6	1	0
5	141	4	1	0
5	142	7	1	0
5	143	2	1	0
5	144	6	1	0
5	145	6	1	0
5	146	6	1	0
5	147	2	1	0
5	148	2	1	0
5	149	6	1	0
5	150	7	1	0
5	151	4	1	0
5	152	2	1	0
5	153	6	1	0
5	154	7	1	0
5	155	2	1	0
5	156	1	1	0
5	157	4	1	0
5	158	6	1	0
5	159	4	1	0
5	160	2	1	0
5	161	4	1	0
5	162	4	1	0
5	163	2	1	0
5	164	6	1	0
5	165	6	1	0
5	166	2	1	0
5	167	1	1	0
5	168	4	1	0
5	169	4	1	0
5	170	2	1	0
5	171	2	1	0
5	172	2	1	0
5	173	3	1	0
5	174	2	1	0
5	175	2	1	0
5	176	3	1	0
5	177	6	1	0
5	178	2	1	0
5	179	1	1	0
5	180	4	1	0
5	181	2	1	0
5	182	5	1	0
5	183	4	1	0
5	184	7	1	0
5	185	6	1	0
5	186	6	1	0
5	187	1	1	0
5	188	2	1	0
5	189	4	1	0
6	0	2	1	0
6	1	6	0	0
6	2	6	0	0
6	3	2	1	0
6	4	4	1	0
6	5	4	1	0
6	6	2	0	-1
6	7	2	0	-1
6	8	6	1	0
6	9	4	0	-1
6	10	4	1	0
6	11	5	1	0
6	12	5	1	0
6	13	2	1	0
6	14	4	1	0
6	15	3	1	0
6	16	2	1	0
6	17	6	0	0
6	18	4	1	0
6	19	6	0	0
6	20	6	0	0
6	21	5	0	0
6	22	6	0	0
6	23	4	1	0
6	24	4	1	0
6	25	4	0	-1
6	26	2	1	0
6	27	6	0	0
6	28	6	0	0
6	29	2	0	-1
6	30	6	0	0
6	31	2	1	0
6	32	2	1	0
6	33	4	1	0
6	34	2	0	-1
6	35	2	0	-1
6	36	5	0	0
6	37	7	1	0
6	38	6	1	0
6	39	2	0	-1
6	40	4	1	0
6	41	1	0	0
6	42	6	0	0
6	43	2	1	0
6	44	4	1	0
6	45	2	0	-1
6	46	2	1	0
6	47	4	0	-1
6	48	2	1	0
6	49	6	1	0
6	50	2	1	0
6	51	6	1	0
6	52	4	0	-1
6	53	4	1	0
6	54	2	1	0
6	55	5	0	0
6	56	4	1	0
6	57	2	1	0
6	58	5	0	0
6	59	4	0	-1
6	60	3	1	0
6	61	6	1	0
6	62	4	0	-1
6	63	6	1	0
6	64	2	1	0
6	65	2	0	-1
6	66	6	1	0
6	67	6	0	0
6	68	4	0	-1
6	69	2	1	0
6	70	2	0	-1
6	71	6	0	0
6	72	2	1	0
6	73	2	1	0
6	74	5	1	0
6	75	4	0	-1
6	76	1	1	0
6	77	2	1	0
6	78	6	1	0
6	79	2	1	0
6	80	6	1	0
6	81	2	1	0
6	82	6	1	0
6	83	2	1	0
6	84	5	1	0
6	85	5	1	0
6	86	4	1	0
6	87	4	1	0
6	88	6	1	0
6	89	4	1	0
6	90	4	1	0
6	91	6	1	0
6	92	6	1	0
6	93	4	1	0
6	94	4	1	0
6	95	6	1	0
6	96	2	1	0
6	97	2	1	0
6	98	4	1	0
6	99	5	1	0
6	100	2	1	0
6	101	6	1	0
6	102	3	1	0
6	103	7	1	0
6	104	6	1	0
6	105	5	1	0
6	106	7	1	0
6	107	6	1	0
6	108	2	1	0
6	109	4	1	0
6	110	3	1	0
6	111	6	1	0
6	112	6	1	0
6	113	1	1	0
6	114	3	1	0
6	115	4	1	0
6	116	5	1	0
6	117	7	1	0
6	118	2	1	0
6	119	2	1	0
6	120	7	1	0
6	121	2	1	0
6	122	2	1	0
6	123	6	1	0
6	124	5	1	0
6	125	2	1	0
6	126	5	1	0
6	127	6	1	0
6	128	4	1	0
6	129	6	1	0
6	130	7	1	0
6	131	6	1	0
6	132	4	1	0
6	133	6	1	0
6	134	6	1	0
6	135	4	1	0
6	136	2	1	0
6	137	6	1	0
6	138	3	1	0
6	139	2	1	0
6	140	4	1	0
6	141	3	1	0
6	142	2	1	0
6	143	4	1	0
6	144	2	1	0
6	145	2	1	0
6	146	7	1	0
6	147	2	1	0
6	148	4	1	0
6	149	2	1	0
6	150	6	1	0
6	151	6	1	0
6	152	4	1	0
6	153	6	1	0
6	154	4	1	0
6	155	1	1	0
6	156	5	1	0
6	157	4	1	0
6	158	6	1	0
6	159	2	1	0
6	160	6	1	0
6	161	4	1	0
6	162	4	1	0
6	163	4	1	0
6	164	7	1	0
6	165	2	1	0
6	166	6	1	0
6	167	7	1	0
6	168	4	1	0
6	169	4	1	0
6	170	2	1	0
6	171	5	1	0
6	172	5	1	0
6	173	6	1	0
6	174	6	1	0
6	175	7	1	0
6	176	5	1	0
6	177	6	1	0
6	178	6	1	0
6	179	2	1	0
6	180	4	1	0
6	181	3	1	0
6	182	6	1	0
6	183	7	1	0
6	184	2	1	0
6	185	6	1	0
6	186	6	1	0
6	187	4	1	0
6	188	2	1	0
6	189	4	1	0
7	0	4	0	-1
7	1	6	1	0
7	2	3	1	0
7	3	7	1	0
7	4	7	1	0
7	5	4	1	0
7	6	3	0	0
7	7	2	1	0
7	8	7	0	0
7	9	6	0	0
7	10	6	0	0
7	11	5	0	0
7	12	6	0	0
7	13	6	0	0
7	14	2	1	0
7	15	2	1	0
7	16	6	0	0
7	17	6	1	0
7	18	4	1	0
7	19	1	0	0
7	20	4	1	0
7	21	4	1	0
7	22	4	0	-1
7	23	7	1	0
7	24	5	1	0
7	25	2	1	0
7	26	4	1	0
7	27	4	0	-1
7	28	4	0	-1
7	29	7	0	0
7	30	2	1	0
7	31	2	1	0
7	32	3	0	0
7	33	6	1	0
7	34	4	1	0
7	35	4	1	0
7	36	6	0	0
7	37	2	0	-1
7	38	1	1	0
7	39	2	0	-1
7	40	1	0	0
7	41	1	1	0
7	42	2	1	0
7	43	6	0	0
7	44	4	1	0
7	45	5	0	0
7	46	6	1	0
7	47	6	0	0
7	48	6	1	0
7	49	2	1	0
7	50	6	0	0
7	51	2	0	-1
7	52	4	1	0
7	53	2	1	0
7	54	5	1	0
7	55	4	0	-1
7	56	4	0	-1
7	57	4	0	-1
7	58	3	1	0
7	59	4	1	0
7	60	4	1	0
7	61	2	1	0
7	62	1	1	0
7	63	6	1	0
7	64	2	1	0
7	65	6	0	0
7	66	4	1	0
7	67	4	1	0
7	68	4	1	0
7	69	2	1	0
7	70	2	1	0
7	71	1	1	0
7	72	6	0	0
7	73	6	1	0
7	74	4	1	0
7	75	4	1	0
7	76	3	1	0
7	77	6	1	0
7	78	6	1	0
7	79	4	1	0
7	80	2	1	0
7	81	4	1	0
7	82	2	1	0
7	83	6	1	0
7	84	4	1	0
7	85	4	1	0
7	86	2	0	-1
7	87	7	1	0
7	88	2	0	-1
7	89	5	1	0
7	90	3	1	0
7	91	2	1	0
7	92	4	1	0
7	93	6	1	0
7	94	4	1	0
7	95	6	1	0
7	96	5	1	0
7	97	4	1	0
7	98	1	1	0
7	99	4	1	0
7	100	4	1	0
7	101	2	1	0
7	102	4	1	0
7	103	6	1	0
7	104	4	1	0
7	105	3	1	0
7	106	2	1	0
7	107	1	1	0
7	108	4	1	0
7	109	1	1	0
7	110	2	1	0
7	111	6	1	0
7	112	4	1	0
7	113	7	1	0
7	114	6	1	0
7	115	1	1	0
7	116	5	1	0
7	117	2	1	0
7	118	2	1	0
7	119	1	1	0
7	120	1	1	0
7	121	6	1	0
7	122	4	1	0
7	123	4	1	0
7	124	6	1	0
7	125	4	1	0
7	126	6	1	0
7	127	4	1	0
7	128	4	1	0
7	129	6	1	0
7	130	6	1	0
7	131	4	1	0
7	132	2	1	0
7	133	2	1	0
7	134	7	1	0
7	135	7	1	0
7	136	7	1	0
7	137	6	1	0
7	138	4	1	0
7	139	7	1	0
7	140	2	1	0
7	141	4	1	0
7	142	6	1	0
7	143	6	1	0
7	144	3	1	0
7	145	5	1	0
7	146	6	1	0
7	147	3	1	0
7	148	1	1	0
7	149	2	1	0
7	150	6	1	0
7	151	2	1	0
7	152	6	1	0
7	153	3	1	0
7	154	4	1	0
7	155	2	1	0
7	156	6	1	0
7	157	3	1	0
7	158	2	1	0
7	159	4	1	0
7	160	4	1	0
7	161	4	1	0
7	162	6	1	0
7	163	4	1	0
7	164	1	1	0
7	165	2	1	0
7	166	2	1	0
7	167	2	1	0
7	168	7	1	0
7	169	6	1	0
7	170	4	1	0
7	171	4	1	0
7	172	4	1	0
7	173	4	1	0
7	174	4	1	0
7	175	4	1	0
7	176	2	1	0
7	177	4	1	0
7	178	6	1	0
7	179	4	1	0
7	180	6	1	0
7	181	2	1	0
7	182	2	1	0
7	183	2	1	0
7	184	3	1	0
7	185	5	1	0
7	186	2	1	0
7	187	6	1	0
7	188	2	1	0
7	189	6	1	0
8	0	2	1	0
8	1	4	0	-1
8	2	7	1	0
8	3	4	0	-1
8	4	3	0	0
8	5	4	0	-1
8	6	4	1	0
8	7	6	1	0
8	8	5	1	0
8	9	6	0	0
8	10	4	0	-1
8	11	4	0	-1
8	12	5	1	0
8	13	1	1	0
8	14	2	1	0
8	15	7	0	0
8	16	2	0	-1
8	17	4	0	-1
8	18	2	0	-1
8	19	4	0	-1
8	20	3	0	0
8	21	6	1	0
8	22	6	0	0
8	23	2	1	0
8	24	5	1	0
8	25	2	0	-1
8	26	4	1	0
8	27	2	1	0
8	28	2	1	0
8	29	4	1	0
8	30	4	1	0
8	31	3	0	0
8	32	6	0	0
8	33	6	0	0
8	34	6	1	0
8	35	4	1	0
8	36	2	0	-1
8	37	2	1	0
8	38	2	1	0
8	39	2	1	0
8	40	6	0	0
8	41	2	1	0
8	42	4	1	0
8	43	6	1	0
8	44	2	1	0
8	45	6	1	0
8	46	2	1	0
8	47	7	0	0
8	48	7	1	0
8	49	6	0	0
8	50	6	1	0
8	51	1	0	0
8	52	4	0	-1
8	53	4	1	0
8	54	2	0	-1
8	55	6	0	0
8	56	5	1	0
8	57	4	1	0
8	58	7	0	0
8	59	5	0	0
8	60	7	0	0
8	61	2	0	-1
8	62	2	1	0
8	63	2	0	-1
8	64	2	1	0
8	65	2	1	0
8	66	4	1	0
8	67	4	0	-1
8	68	2	1	0
8	69	4	1	0
8	70	4	1	0
8	71	6	1	0
8	72	4	0	-1
8	73	6	1	0
8	74	7	1	0
8	75	6	1	0
8	76	7	1	0
8	77	4	1	0
8	78	7	1	0
8	79	7	0	0
8	80	2	0	-1
8	81	6	0	0
8	82	5	1	0
8	83	2	1	0
8	84	2	1	0
8	85	1	0	0
8	86	4	1	0
8	87	4	1	0
8	88	6	1	0
8	89	2	0	-1
8	90	4	1	0
8	91	6	0	0
8	92	5	1	0
8	93	5	1	0
8	94	2	1	0
8	95	4	0	-1
8	96	4	0	-1
8	97	2	1	0
8	98	4	1	0
8	99	2	1	0
8	100	2	0	-1
8	101	6	1	0
8	102	2	1	0
8	103	6	1	0
8	104	7	0	0
8	105	5	1	0
8	106	1	1	0
8	107	2	1	0
8	108	4	1	0
8	109	2	1	0
8	110	6	1	0
8	111	5	1	0
8	112	3	1	0
8	113	6	1	0
8	114	2	0	-1
8	115	4	0	-1
8	116	4	1	0
8	117	6	1	0
8	118	2	1	0
8	119	1	1	0
8	120	2	1	0
8	121	5	1	0
8	122	1	1	0
8	123	6	1	0
8	124	4	1	0
8	125	6	1	0
8	126	5	1	0
8	127	2	1	0
8	128	4	1	0
8	129	5	1	0
8	130	2	1	0
8	131	4	1	0
8	132	6	1	0
8	133	4	1	0
8	134	2	1	0
8	135	6	1	0
8	136	5	1	0
8	137	4	1	0
8	138	6	1	0
8	139	2	1	0
8	140	1	1	0
8	141	6	1	0
8	142	2	1	0
8	143	4	1	0
8	144	2	1	0
8	145	6	1	0
8	146	2	1	0
8	147	2	1	0
8	148	2	1	0
8	149	3	1	0
8	150	2	1	0
8	151	6	1	0
8	152	4	1	0
8	153	2	1	0
8	154	6	1	0
8	155	6	1	0
8	156	2	1	0
8	157	2	1	0
8	158	2	1	0
8	159	3	1	0
8	160	1	1	0
8	161	4	1	0
8	162	6	1	0
8	163	4	1	0
8	164	6	1	0
8	165	4	1	0
8	166	2	1	0
8	167	2	1	0
8	168	7	1	0
8	169	4	1	0
8	170	2	1	0
8	171	2	1	0
8	172	4	1	0
8	173	6	1	0
8	174	2	1	0
8	175	4	1	0
8	176	6	1	0
8	177	3	1	0
8	178	2	1	0
8	179	1	1	0
8	180	3	1	0
8	181	5	1	0
8	182	2	1	0
8	183	7	1	0
8	184	7	1	0
8	185	4	1	0
8	186	4	1	0
8	187	6	1	0
8	188	7	1	0
8	189	4	1	0
9	0	6	0	0
9	1	4	0	-1
9	2	4	1	0
9	3	5	0	0
9	4	2	1	0
9	5	6	1	0
9	6	4	1	0
9	7	4	0	-1
9	8	1	1	0
9	9	1	1	0
9	10	2	0	-1
9	11	6	1	0
9	12	2	1	0
9	13	4	1	0
9	14	6	1	0
9	15	4	1	0
9	16	2	0	-1
9	17	7	0	0
9	18	2	1	0
9	19	4	1	0
9	20	6	0	0
9	21	4	1	0
9	22	4	1	0
9	23	4	1	0
9	24	4	0	-1
9	25	6	1	0
9	26	4	0	-1
9	27	4	0	-1
9	28	2	1	0
9	29	4	1	0
9	30	2	0	-1
9	31	4	0	-1
9	32	2	0	-1
9	33	3	0	0
9	34	4	1	0
9	35	4	0	-1
9	36	1	0	0
9	37	4	0	-1
9	38	4	0	-1
9	39	4	1	0
9	40	6	0	0
9	41	4	0	-1
9	42	1	1	0
9	43	2	1	0
9	44	4	0	-1
9	45	2	1	0
9	46	4	1	0
9	47	2	1	0
9	48	2	1	0
9	49	2	1	0
9	50	6	0	0
9	51	2	1	0
9	52	2	1	0
9	53	2	1	0
9	54	6	1	0
9	55	4	1	0
9	56	7	0	0
9	57	2	1	0
9	58	4	1	0
9	59	4	0	-1
9	60	6	1	0
9	61	6	0	0
9	62	2	0	-1
9	63	6	1	0
9	64	6	0	0
9	65	6	0	0
9	66	2	0	-1
9	67	6	1	0
9	68	1	0	0
9	69	6	1	0
9	70	3	0	0
9	71	4	1	0
9	72	6	1	0
9	73	5	1	0
9	74	5	1	0
9	75	4	0	-1
9	76	4	1	0
9	77	6	1	0
9	78	3	1	0
9	79	6	1	0
9	80	7	1	0
9	81	1	1	0
9	82	4	1	0
9	83	6	1	0
9	84	4	1	0
9	85	5	1	0
9	86	7	1	0
9	87	2	0	-1
9	88	6	1	0
9	89	6	1	0
9	90	2	1	0
9	91	2	0	-1
9	92	7	1	0
9	93	6	1	0
9	94	6	1	0
9	95	4	1	0
9	96	2	1	0
9	97	3	1	0
9	98	6	1	0
9	99	2	1	0
9	100	4	1	0
9	101	4	0	-1
9	102	4	0	-1
9	103	4	1	0
9	104	7	1	0
9	105	2	1	0
9	106	6	1	0
9	107	4	1	0
9	108	6	1	0
9	109	4	1	0
9	110	4	1	0
9	111	6	1	0
9	112	6	1	0
9	113	2	1	0
9	114	7	1	0
9	115	4	1	0
9	116	6	1	0
9	117	4	1	0
9	118	4	1	0
9	119	3	1	0
9	120	1	1	0
9	121	6	1	0
9	122	4	1	0
9	123	6	1	0
9	124	4	1	0
9	125	2	1	0
9	126	4	1	0
9	127	4	1	0
9	128	4	1	0
9	129	6	1	0
9	130	2	1	0
9	131	2	1	0
9	132	4	1	0
9	133	2	1	0
9	134	7	1	0
9	135	2	1	0
9	136	2	1	0
9	137	6	1	0
9	138	3	1	0
9	139	4	1	0
9	140	2	1	0
9	141	6	1	0
9	142	1	1	0
9	143	4	1	0
9	144	2	1	0
9	145	2	1	0
9	146	5	1	0
9	147	5	1	0
9	148	6	1	0
9	149	2	1	0
9	150	2	1	0
9	151	2	1	0
9	152	2	1	0
9	153	2	1	0
9	154	6	1	0
9	155	3	1	0
9	156	4	1	0
9	157	4	1	0
9	158	6	1	0
9	159	6	1	0
9	160	2	1	0
9	161	4	1	0
9	162	6	1	0
9	163	5	1	0
9	164	4	1	0
9	165	6	1	0
9	166	6	1	0
9	167	2	1	0
9	168	4	1	0
9	169	6	1	0
9	170	2	1	0
9	171	4	1	0
9	172	2	1	0
9	173	6	1	0
9	174	4	1	0
9	175	6	1	0
9	176	4	1	0
9	177	3	1	0
9	178	4	1	0
9	179	4	1	0
9	180	4	1	0
9	181	6	1	0
9	182	2	1	0
9	183	5	1	0
9	184	3	1	0
9	185	7	1	0
9	186	2	1	0
9	187	4	1	0
9	188	2	1	0
9	189	7	1	0
10	0	4	1	0
10	1	3	1	0
10	2	2	1	0
10	3	4	0	-1
10	4	4	0	-1
10	5	4	0	-1
10	6	6	0	0
10	7	3	1	0
10	8	3	1	0
10	9	5	1	0
10	10	2	1	0
10	11	4	1	0
10	12	4	0	-1
10	13	5	0	0
10	14	4	0	-1
10	15	6	1	0
10	16	2	1	0
10	17	2	1	0
10	18	4	1	0
10	19	3	0	0
10	20	2	0	-1
10	21	4	0	-1
10	22	2	1	0
10	23	6	1	0
10	24	6	1	0
10	25	2	1	0
10	26	6	1	0
10	27	6	0	0
10	28	4	0	-1
10	29	2	1	0
10	30	6	1	0
10	31	2	0	-1
10	32	6	1	0
10	33	3	1	0
10	34	7	1	0
10	35	4	1	0
10	36	4	0	-1
10	37	2	0	-1
10	38	7	1	0
10	39	6	1	0
10	40	2	0	-1
10	41	4	1	0
10	42	6	1	0
10	43	6	0	0
10	44	6	0	0
10	45	6	1	0
10	46	4	1	0
10	47	6	1	0
10	48	4	1	0
10	49	4	0	-1
10	50	6	0	0
10	51	6	0	0
10	52	4	1	0
10	53	2	0	-1
10	54	4	1	0
10	55	2	0	-1
10	56	7	1	0
10	57	4	1	0
10	58	4	0	-1
10	59	4	1	0
10	60	4	1	0
10	61	3	0	0
10	62	7	1	0
10	63	6	0	0
10	64	2	1	0
10	65	4	0	-1
10	66	2	1	0
10	67	6	1	0
10	68	1	1	0
10	69	2	0	-1
10	70	2	1	0
10	71	6	1	0
10	72	7	1	0
10	73	6	1	0
10	74	2	1	0
10	75	2	1	0
10	76	4	0	-1
10	77	4	1	0
10	78	6	1	0
10	79	4	0	-1
10	80	3	1	0
10	81	4	0	-1
10	82	2	0	-1
10	83	3	1	0
10	84	3	1	0
10	85	6	1	0
10	86	2	1	0
10	87	2	1	0
10	88	4	1	0
10	89	6	1	0
10	90	6	1	0
10	91	2	1	0
10	92	4	1	0
10	93	1	1	0
10	94	6	1	0
10	95	6	1	0
10	96	2	1	0
10	97	4	1	0
10	98	6	1	0
10	99	1	1	0
10	100	4	1	0
10	101	4	1	0
10	102	4	1	0
10	103	6	1	0
10	104	6	1	0
10	105	4	1	0
10	106	6	1	0
10	107	4	1	0
10	108	4	1	0
10	109	4	1	0
10	110	6	1	0
10	111	5	1	0
10	112	6	1	0
10	113	4	1	0
10	114	4	1	0
10	115	2	1	0
10	116	2	1	0
10	117	6	1	0
10	118	7	1	0
10	119	2	1	0
10	120	2	1	0
10	121	2	1	0
10	122	4	1	0
10	123	6	1	0
10	124	6	1	0
10	125	6	1	0
10	126	2	1	0
10	127	7	1	0
10	128	4	1	0
10	129	6	1	0
10	130	4	1	0
10	131	4	1	0
10	132	6	1	0
10	133	5	1	0
10	134	4	1	0
10	135	6	1	0
10	136	2	1	0
10	137	6	1	0
10	138	2	1	0
10	139	6	1	0
10	140	4	1	0
10	141	5	1	0
10	142	2	1	0
10	143	2	1	0
10	144	2	1	0
10	145	2	1	0
10	146	2	1	0
10	147	5	1	0
10	148	3	1	0
10	149	2	1	0
10	150	2	1	0
10	151	5	1	0
10	152	3	1	0
10	153	3	1	0
10	154	4	1	0
10	155	6	1	0
10	156	1	1	0
10	157	5	1	0
10	158	1	1	0
10	159	4	1	0
10	160	4	1	0
10	161	4	1	0
10	162	3	1	0
10	163	6	1	0
10	164	4	1	0
10	165	7	1	0
10	166	4	1	0
10	167	6	1	0
10	168	1	1	0
10	169	4	1	0
10	170	2	1	0
10	171	2	1	0
10	172	2	1	0
10	173	4	1	0
10	174	6	1	0
10	175	2	1	0
10	176	2	1	0
10	177	2	1	0
10	178	2	1	0
10	179	2	1	0
10	180	2	1	0
10	181	4	1	0
10	182	6	1	0
10	183	6	1	0
10	184	4	1	0
10	185	2	1	0
10	186	2	1	0
10	187	2	1	0
10	188	2	1	0
10	189	6	1	0
11	0	2	1	0
11	1	5	0	0
11	2	6	1	0
11	3	2	0	-1
11	4	6	1	0
11	5	4	0	-1
11	6	4	1	0
11	7	1	1	0
11	8	6	1	0
11	9	1	0	0
11	10	6	0	0
11	11	1	0	0
11	12	1	0	0
11	13	4	0	-1
11	14	2	1	0
11	15	4	1	0
11	16	3	1	0
11	17	6	0	0
11	18	4	1	0
11	19	5	1	0
11	20	4	0	-1
11	21	2	0	-1
11	22	1	0	0
11	23	4	1	0
11	24	6	0	0
11	25	3	1	0
11	26	6	0	0
11	27	2	1	0
11	28	3	1	0
11	29	2	1	0
11	30	6	0	0
11	31	6	0	0
11	32	6	0	0
11	33	4	0	-1
11	34	3	0	0
11	35	4	0	-1
11	36	2	1	0
11	37	4	1	0
11	38	6	0	0
11	39	6	1	0
11	40	4	1	0
11	41	3	0	0
11	42	6	1	0
11	43	2	1	0
11	44	5	0	0
11	45	5	0	0
11	46	5	1	0
11	47	4	1	0
11	48	6	0	0
11	49	6	0	0
11	50	2	1	0
11	51	6	0	0
11	52	4	1	0
11	53	4	0	-1
11	54	6	0	0
11	55	2	0	-1
11	56	2	1	0
11	57	6	1	0
11	58	6	0	0
11	59	2	0	-1
11	60	6	1	0
11	61	4	1	0
11	62	4	1	0
11	63	6	0	0
11	64	6	0	0
11	65	5	1	0
11	66	6	0	0
11	67	4	1	0
11	68	4	0	-1
11	69	5	1	0
11	70	6	0	0
11	71	2	0	-1
11	72	2	1	0
11	73	1	0	0
11	74	2	1	0
11	75	2	0	-1
11	76	6	1	0
11	77	4	1	0
11	78	4	0	-1
11	79	4	0	-1
11	80	6	1	0
11	81	1	1	0
11	82	4	1	0
11	83	4	1	0
11	84	2	1	0
11	85	1	1	0
11	86	4	1	0
11	87	2	1	0
11	88	2	1	0
11	89	6	1	0
11	90	2	1	0
11	91	5	1	0
11	92	4	1	0
11	93	4	1	0
11	94	4	1	0
11	95	2	1	0
11	96	6	1	0
11	97	6	1	0
11	98	2	1	0
11	99	2	1	0
11	100	2	1	0
11	101	6	1	0
11	102	1	1	0
11	103	3	1	0
11	104	2	1	0
11	105	2	1	0
11	106	2	1	0
11	107	6	1	0
11	108	3	1	0
11	109	4	1	0
11	110	4	1	0
11	111	2	1	0
11	112	4	1	0
11	113	1	1	0
11	114	2	1	0
11	115	4	1	0
11	116	6	1	0
11	117	7	1	0
11	118	4	1	0
11	119	4	1	0
11	120	7	1	0
11	121	4	1	0
11	122	4	1	0
11	123	5	1	0
11	124	4	1	0
11	125	2	1	0
11	126	6	1	0
11	127	2	1	0
11	128	6	1	0
11	129	4	1	0
11	130	7	1	0
11	131	4	1	0
11	132	5	1	0
11	133	7	1	0
11	134	4	1	0
11	135	4	1	0
11	136	4	1	0
11	137	6	1	0
11	138	4	1	0
11	139	7	1	0
11	140	1	1	0
11	141	7	1	0
11	142	4	1	0
11	143	6	1	0
11	144	2	1	0
11	145	6	1	0
11	146	4	1	0
11	147	6	1	0
11	148	6	1	0
11	149	4	1	0
11	150	4	1	0
11	151	6	1	0
11	152	4	1	0
11	153	7	1	0
11	154	4	1	0
11	155	2	1	0
11	156	4	1	0
11	157	6	1	0
11	158	2	1	0
11	159	7	1	0
11	160	6	1	0
11	161	2	1	0
11	162	3	1	0
11	163	2	1	0
11	164	2	1	0
11	165	2	1	0
11	166	7	1	0
11	167	2	1	0
11	168	6	1	0
11	169	4	1	0
11	170	2	1	0
11	171	3	1	0
11	172	6	1	0
11	173	4	1	0
11	174	2	1	0
11	175	2	1	0
11	176	2	1	0
11	177	6	1	0
11	178	4	1	0
11	179	7	1	0
11	180	6	1	0
11	181	4	1	0
11	182	6	1	0
11	183	2	1	0
11	184	4	1	0
11	185	2	1	0
11	186	4	1	0
11	187	4	1	0
11	188	4	1	0
11	189	2	1	0
12	0	2	1	0
12	1	4	0	-1
12	2	4	0	-1
12	3	2	1	0
12	4	2	0	-1
12	5	2	0	-1
12	6	7	1	0
12	7	4	0	-1
12	8	6	1	0
12	9	2	1	0
12	10	2	1	0
12	11	4	1	0
12	12	6	1	0
12	13	6	1	0
12	14	1	1	0
12	15	6	0	0
12	16	6	0	0
12	17	6	1	0
12	18	6	0	0
12	19	2	0	-1
12	20	4	1	0
12	21	1	1	0
12	22	6	0	0
12	23	1	1	0
12	24	2	1	0
12	25	2	1	0
12	26	5	0	0
12	27	2	0	-1
12	28	4	0	-1
12	29	6	0	0
12	30	4	1	0
12	31	4	0	-1
12	32	2	0	-1
12	33	6	1	0
12	34	5	0	0
12	35	6	1	0
12	36	2	1	0
12	37	5	1	0
12	38	3	0	0
12	39	3	1	0
12	40	4	1	0
12	41	2	0	-1
12	42	6	0	0
12	43	6	1	0
12	44	2	1	0
12	45	5	1	0
12	46	4	1	0
12	47	6	0	0
12	48	6	0	0
12	49	6	1	0
12	50	2	1	0
12	51	4	1	0
12	52	6	0	0
12	53	3	1	0
12	54	7	0	0
12	55	1	1	0
12	56	6	0	0
12	57	6	1	0
12	58	6	0	0
12	59	2	0	-1
12	60	3	1	0
12	61	4	1	0
12	62	2	1	0
12	63	2	1	0
12	64	2	1	0
12	65	2	1	0
12	66	4	0	-1
12	67	2	1	0
12	68	4	1	0
12	69	2	1	0
12	70	6	0	0
12	71	4	1	0
12	72	2	1	0
12	73	2	1	0
12	74	6	1	0
12	75	4	1	0
12	76	6	1	0
12	77	4	0	-1
12	78	3	0	0
12	79	3	1	0
12	80	4	1	0
12	81	4	1	0
12	82	7	1	0
12	83	6	1	0
12	84	6	1	0
12	85	4	1	0
12	86	2	1	0
12	87	2	1	0
12	88	2	1	0
12	89	6	1	0
12	90	3	1	0
12	91	2	0	-1
12	92	6	1	0
12	93	6	1	0
12	94	2	1	0
12	95	4	1	0
12	96	2	0	-1
12	97	2	1	0
12	98	6	1	0
12	99	6	1	0
12	100	6	1	0
12	101	7	1	0
12	102	3	1	0
12	103	2	1	0
12	104	6	1	0
12	105	2	0	-1
12	106	6	1	0
12	107	2	1	0
12	108	2	0	-1
12	109	6	1	0
12	110	2	1	0
12	111	4	1	0
12	112	6	1	0
12	113	4	1	0
12	114	6	1	0
12	115	4	1	0
12	116	2	1	0
12	117	5	1	0
12	118	4	1	0
12	119	6	1	0
12	120	6	1	0
12	121	5	1	0
12	122	6	1	0
12	123	2	1	0
12	124	4	1	0
12	125	4	1	0
12	126	6	1	0
12	127	5	1	0
12	128	6	1	0
12	129	6	1	0
12	130	2	1	0
12	131	2	1	0
12	132	2	1	0
12	133	2	1	0
12	134	3	1	0
12	135	4	1	0
12	136	6	1	0
12	137	2	1	0
12	138	1	1	0
12	139	6	1	0
12	140	7	1	0
12	141	4	1	0
12	142	6	1	0
12	143	2	1	0
12	144	2	1	0
12	145	5	1	0
12	146	2	1	0
12	147	4	1	0
12	148	2	1	0
12	149	2	1	0
12	150	6	1	0
12	151	6	1	0
12	152	6	1	0
12	153	4	1	0
12	154	4	1	0
12	155	3	1	0
12	156	4	1	0
12	157	4	1	0
12	158	2	1	0
12	159	2	1	0
12	160	4	1	0
12	161	1	1	0
12	162	4	1	0
12	163	2	1	0
12	164	4	1	0
12	165	4	1	0
12	166	4	1	0
12	167	2	1	0
12	168	3	1	0
12	169	6	1	0
12	170	4	1	0
12	171	4	1	0
12	172	5	1	0
12	173	4	1	0
12	174	6	1	0
12	175	1	1	0
12	176	2	1	0
12	177	4	1	0
12	178	6	1	0
12	179	6	1	0
12	180	2	1	0
12	181	2	1	0
12	182	6	1	0
12	183	2	1	0
12	184	2	1	0
12	185	7	1	0
12	186	1	1	0
12	187	6	1	0
12	188	6	1	0
12	189	7	1	0
13	0	1	1	0
13	1	2	0	-1
13	2	4	1	0
13	3	6	1	0
13	4	5	0	0
13	5	6	1	0
13	6	4	0	-1
13	7	6	1	0
13	8	2	1	0
13	9	5	1	0
13	10	6	0	0
13	11	2	1	0
13	12	4	0	-1
13	13	4	1	0
13	14	4	1	0
13	15	4	0	-1
13	16	6	1	0
13	17	6	1	0
13	18	4	1	0
13	19	5	1	0
13	20	1	1	0
13	21	4	0	-1
13	22	4	1	0
13	23	4	0	-1
13	24	2	1	0
13	25	2	0	-1
13	26	4	0	-1
13	27	2	1	0
13	28	1	1	0
13	29	4	0	-1
13	30	6	1	0
13	31	2	1	0
13	32	6	1	0
13	33	4	0	-1
13	34	6	0	0
13	35	4	0	-1
13	36	2	0	-1
13	37	6	1	0
13	38	6	0	0
13	39	4	0	-1
13	40	6	1	0
13	41	7	1	0
13	42	2	1	0
13	43	4	0	-1
13	44	7	1	0
13	45	2	1	0
13	46	7	1	0
13	47	4	0	-1
13	48	2	0	-1
13	49	2	1	0
13	50	6	0	0
13	51	5	0	0
13	52	2	1	0
13	53	4	0	-1
13	54	4	1	0
13	55	5	1	0
13	56	1	1	0
13	57	3	0	0
13	58	6	0	0
13	59	6	0	0
13	60	4	1	0
13	61	7	0	0
13	62	6	0	0
13	63	3	1	0
13	64	4	1	0
13	65	4	0	-1
13	66	6	1	0
13	67	7	1	0
13	68	4	0	-1
13	69	6	1	0
13	70	2	1	0
13	71	4	0	-1
13	72	2	1	0
13	73	6	1	0
13	74	2	1	0
13	75	1	0	0
13	76	4	1	0
13	77	4	1	0
13	78	6	0	0
13	79	2	0	-1
13	80	2	1	0
13	81	6	0	0
13	82	2	1	0
13	83	4	1	0
13	84	6	1	0
13	85	2	0	-1
13	86	1	0	0
13	87	1	1	0
13	88	1	1	0
13	89	6	1	0
13	90	5	1	0
13	91	4	0	-1
13	92	4	1	0
13	93	6	1	0
13	94	6	1	0
13	95	3	1	0
13	96	3	1	0
13	97	6	1	0
13	98	1	1	0
13	99	5	1	0
13	100	6	1	0
13	101	3	1	0
13	102	1	1	0
13	103	6	1	0
13	104	2	1	0
13	105	2	1	0
13	106	6	1	0
13	107	4	1	0
13	108	3	1	0
13	109	4	1	0
13	110	6	1	0
13	111	4	1	0
13	112	6	1	0
13	113	6	1	0
13	114	6	1	0
13	115	6	1	0
13	116	4	1	0
13	117	6	1	0
13	118	2	1	0
13	119	3	1	0
13	120	1	1	0
13	121	4	1	0
13	122	4	1	0
13	123	4	1	0
13	124	4	1	0
13	125	4	1	0
13	126	2	1	0
13	127	4	1	0
13	128	6	1	0
13	129	6	1	0
13	130	6	1	0
13	131	6	1	0
13	132	2	1	0
13	133	6	1	0
13	134	4	1	0
13	135	4	1	0
13	136	4	1	0
13	137	1	1	0
13	138	4	1	0
13	139	4	1	0
13	140	6	1	0
13	141	2	1	0
13	142	6	1	0
13	143	4	1	0
13	144	2	1	0
13	145	2	1	0
13	146	3	1	0
13	147	5	1	0
13	148	2	1	0
13	149	1	1	0
13	150	2	1	0
13	151	4	1	0
13	152	4	1	0
13	153	2	1	0
13	154	7	1	0
13	155	4	1	0
13	156	6	1	0
13	157	6	1	0
13	158	6	1	0
13	159	6	1	0
13	160	5	1	0
13	161	6	1	0
13	162	2	1	0
13	163	4	1	0
13	164	6	1	0
13	165	6	1	0
13	166	2	1	0
13	167	4	1	0
13	168	4	1	0
13	169	5	1	0
13	170	6	1	0
13	171	2	1	0
13	172	6	1	0
13	173	6	1	0
13	174	4	1	0
13	175	2	1	0
13	176	4	1	0
13	177	4	1	0
13	178	2	1	0
13	179	4	1	0
13	180	4	1	0
13	181	4	1	0
13	182	3	1	0
13	183	6	1	0
13	184	2	1	0
13	185	2	1	0
13	186	2	1	0
13	187	4	1	0
13	188	7	1	0
13	189	2	1	0
14	0	2	0	-1
14	1	4	1	0
14	2	1	1	0
14	3	4	1	0
14	4	4	1	0
14	5	6	0	0
14	6	4	1	0
14	7	4	1	0
14	8	4	1	0
14	9	4	0	-1
14	10	4	0	-1
14	11	6	0	0
14	12	2	1	0
14	13	5	1	0
14	14	6	1	0
14	15	1	1	0
14	16	2	1	0
14	17	2	0	-1
14	18	6	1	0
14	19	1	1	0
14	20	4	0	-1
14	21	4	1	0
14	22	7	1	0
14	23	2	1	0
14	24	2	1	0
14	25	7	0	0
14	26	3	1	0
14	27	6	0	0
14	28	6	0	0
14	29	4	0	-1
14	30	6	1	0
14	31	2	1	0
14	32	2	1	0
14	33	6	1	0
14	34	2	1	0
14	35	6	0	0
14	36	4	1	0
14	37	5	1	0
14	38	4	1	0
14	39	6	1	0
14	40	2	1	0
14	41	6	0	0
14	42	6	0	0
14	43	7	0	0
14	44	2	0	-1
14	45	3	1	0
14	46	4	1	0
14	47	2	1	0
14	48	6	0	0
14	49	6	1	0
14	50	4	0	-1
14	51	6	1	0
14	52	6	1	0
14	53	3	1	0
14	54	6	0	0
14	55	6	1	0
14	56	2	1	0
14	57	7	0	0
14	58	2	0	-1
14	59	3	1	0
14	60	6	1	0
14	61	4	1	0
14	62	6	0	0
14	63	4	0	-1
14	64	4	0	-1
14	65	2	1	0
14	66	6	0	0
14	67	4	1	0
14	68	4	1	0
14	69	6	1	0
14	70	2	1	0
14	71	2	1	0
14	72	6	1	0
14	73	4	1	0
14	74	4	1	0
14	75	6	1	0
14	76	2	1	0
14	77	2	1	0
14	78	4	1	0
14	79	6	1	0
14	80	6	1	0
14	81	2	1	0
14	82	6	1	0
14	83	2	0	-1
14	84	6	1	0
14	85	6	1	0
14	86	6	1	0
14	87	6	1	0
14	88	6	1	0
14	89	7	0	0
14	90	6	1	0
14	91	4	0	-1
14	92	3	0	0
14	93	1	0	0
14	94	4	1	0
14	95	6	1	0
14	96	7	1	0
14	97	4	0	-1
14	98	7	1	0
14	99	3	0	0
14	100	2	0	-1
14	101	2	1	0
14	102	6	1	0
14	103	2	1	0
14	104	2	1	0
14	105	6	1	0
14	106	4	1	0
14	107	2	1	0
14	108	7	1	0
14	109	2	1	0
14	110	6	1	0
14	111	2	1	0
14	112	4	1	0
14	113	4	1	0
14	114	6	1	0
14	115	2	1	0
14	116	6	1	0
14	117	2	1	0
14	118	6	1	0
14	119	5	1	0
14	120	4	1	0
14	121	6	1	0
14	122	2	1	0
14	123	6	1	0
14	124	6	1	0
14	125	2	1	0
14	126	2	1	0
14	127	2	1	0
14	128	6	1	0
14	129	1	1	0
14	130	6	1	0
14	131	2	1	0
14	132	3	1	0
14	133	2	1	0
14	134	6	1	0
14	135	2	1	0
14	136	2	1	0
14	137	5	1	0
14	138	6	1	0
14	139	2	1	0
14	140	6	1	0
14	141	4	1	0
14	142	4	1	0
14	143	2	1	0
14	144	2	1	0
14	145	4	1	0
14	146	6	1	0
14	147	4	1	0
14	148	2	1	0
14	149	6	1	0
14	150	7	1	0
14	151	6	1	0
14	152	5	1	0
14	153	2	1	0
14	154	6	1	0
14	155	2	1	0
14	156	2	1	0
14	157	2	1	0
14	158	2	1	0
14	159	4	1	0
14	160	6	1	0
14	161	2	1	0
14	162	6	1	0
14	163	2	1	0
14	164	2	1	0
14	165	4	1	0
14	166	6	1	0
14	167	7	1	0
14	168	4	1	0
14	169	4	1	0
14	170	4	1	0
14	171	2	1	0
14	172	2	1	0
14	173	2	1	0
14	174	6	1	0
14	175	5	1	0
14	176	2	1	0
14	177	4	1	0
14	178	4	1	0
14	179	1	1	0
14	180	7	1	0
14	181	2	1	0
14	182	2	1	0
14	183	1	1	0
14	184	4	1	0
14	185	2	1	0
14	186	4	1	0
14	187	4	1	0
14	188	7	1	0
14	189	2	1	0
15	0	3	0	0
15	1	3	0	0
15	2	4	0	-1
15	3	2	0	-1
15	4	2	1	0
15	5	4	1	0
15	6	6	0	0
15	7	1	0	0
15	8	4	1	0
15	9	2	0	-1
15	10	6	1	0
15	11	2	1	0
15	12	2	1	0
15	13	6	1	0
15	14	6	1	0
15	15	6	1	0
15	16	6	1	0
15	17	3	1	0
15	18	6	0	0
15	19	4	0	-1
15	20	7	1	0
15	21	6	1	0
15	22	6	0	0
15	23	4	0	-1
15	24	5	0	0
15	25	1	0	0
15	26	6	0	0
15	27	6	1	0
15	28	4	1	0
15	29	4	1	0
15	30	7	1	0
15	31	4	0	-1
15	32	7	1	0
15	33	2	1	0
15	34	4	1	0
15	35	4	1	0
15	36	6	1	0
15	37	4	0	-1
15	38	6	0	0
15	39	2	1	0
15	40	7	1	0
15	41	6	1	0
15	42	6	0	0
15	43	6	0	0
15	44	6	1	0
15	45	7	0	0
15	46	2	0	-1
15	47	4	0	-1
15	48	2	1	0
15	49	4	1	0
15	50	3	0	0
15	51	6	1	0
15	52	1	0	0
15	53	1	1	0
15	54	4	0	-1
15	55	1	1	0
15	56	4	1	0
15	57	5	1	0
15	58	4	1	0
15	59	2	1	0
15	60	2	0	-1
15	61	4	1	0
15	62	2	0	-1
15	63	3	1	0
15	64	6	0	0
15	65	5	0	0
15	66	6	1	0
15	67	3	0	0
15	68	2	0	-1
15	69	3	1	0
15	70	6	1	0
15	71	2	0	-1
15	72	4	1	0
15	73	6	0	0
15	74	6	0	0
15	75	4	1	0
15	76	6	1	0
15	77	4	1	0
15	78	6	1	0
15	79	4	0	-1
15	80	6	1	0
15	81	2	0	-1
15	82	2	1	0
15	83	4	1	0
15	84	2	1	0
15	85	6	1	0
15	86	2	1	0
15	87	2	1	0
15	88	4	1	0
15	89	6	1	0
15	90	1	1	0
15	91	2	1	0
15	92	6	1	0
15	93	2	1	0
15	94	6	1	0
15	95	4	1	0
15	96	2	1	0
15	97	4	1	0
15	98	1	1	0
15	99	2	1	0
15	100	6	1	0
15	101	6	1	0
15	102	3	1	0
15	103	4	1	0
15	104	2	1	0
15	105	1	1	0
15	106	3	1	0
15	107	5	1	0
15	108	2	1	0
15	109	5	1	0
15	110	4	1	0
15	111	6	1	0
15	112	5	1	0
15	113	3	1	0
15	114	3	1	0
15	115	2	1	0
15	116	6	1	0
15	117	6	1	0
15	118	6	1	0
15	119	4	1	0
15	120	3	1	0
15	121	2	1	0
15	122	2	1	0
15	123	4	1	0
15	124	6	1	0
15	125	2	1	0
15	126	2	1	0
15	127	2	1	0
15	128	5	1	0
15	129	1	1	0
15	130	7	1	0
15	131	3	1	0
15	132	4	1	0
15	133	6	1	0
15	134	5	1	0
15	135	3	1	0
15	136	2	1	0
15	137	6	1	0
15	138	4	1	0
15	139	2	1	0
15	140	3	1	0
15	141	4	1	0
15	142	1	1	0
15	143	4	1	0
15	144	2	1	0
15	145	4	1	0
15	146	6	1	0
15	147	3	1	0
15	148	6	1	0
15	149	2	1	0
15	150	4	1	0
15	151	4	1	0
15	152	5	1	0
15	153	2	1	0
15	154	2	1	0
15	155	2	1	0
15	156	4	1	0
15	157	2	1	0
15	158	2	1	0
15	159	6	1	0
15	160	2	1	0
15	161	2	1	0
15	162	2	1	0
15	163	4	1	0
15	164	4	1	0
15	165	4	1	0
15	166	6	1	0
15	167	4	1	0
15	168	5	1	0
15	169	7	1	0
15	170	1	1	0
15	171	2	1	0
15	172	1	1	0
15	173	6	1	0
15	174	6	1	0
15	175	6	1	0
15	176	7	1	0
15	177	2	1	0
15	178	2	1	0
15	179	2	1	0
15	180	2	1	0
15	181	4	1	0
15	182	4	1	0
15	183	2	1	0
15	184	4	1	0
15	185	2	1	0
15	186	2	1	0
15	187	3	1	0
15	188	1	1	0
15	189	7	1	0
16	0	2	0	-1
16	1	2	1	0
16	2	4	1	0
16	3	1	1	0
16	4	4	1	0
16	5	2	1	0
16	6	2	1	0
16	7	2	1	0
16	8	1	1	0
16	9	5	0	0
16	10	4	1	0
16	11	6	0	0
16	12	1	1	0
16	13	2	1	0
16	14	7	0	0
16	15	4	0	-1
16	16	2	1	0
16	17	6	0	0
16	18	4	0	-1
16	19	3	0	0
16	20	3	0	0
16	21	2	1	0
16	22	4	1	0
16	23	3	1	0
16	24	6	1	0
16	25	6	0	0
16	26	6	1	0
16	27	2	1	0
16	28	6	0	0
16	29	6	1	0
16	30	1	1	0
16	31	3	0	0
16	32	6	0	0
16	33	7	1	0
16	34	7	1	0
16	35	6	1	0
16	36	2	1	0
16	37	6	1	0
16	38	6	0	0
16	39	6	0	0
16	40	7	0	0
16	41	1	1	0
16	42	2	0	-1
16	43	2	1	0
16	44	2	0	-1
16	45	4	1	0
16	46	2	0	-1
16	47	3	0	0
16	48	6	0	0
16	49	2	0	-1
16	50	2	0	-1
16	51	2	0	-1
16	52	2	1	0
16	53	4	1	0
16	54	6	0	0
16	55	4	0	-1
16	56	4	1	0
16	57	4	1	0
16	58	3	1	0
16	59	2	1	0
16	60	4	1	0
16	61	5	1	0
16	62	6	1	0
16	63	7	1	0
16	64	4	1	0
16	65	6	1	0
16	66	4	1	0
16	67	2	1	0
16	68	6	1	0
16	69	5	1	0
16	70	1	1	0
16	71	4	1	0
16	72	1	1	0
16	73	6	1	0
16	74	4	1	0
16	75	4	1	0
16	76	4	1	0
16	77	4	1	0
16	78	6	1	0
16	79	6	1	0
16	80	4	1	0
16	81	6	1	0
16	82	4	1	0
16	83	4	0	-1
16	84	2	0	-1
16	85	6	1	0
16	86	6	1	0
16	87	2	1	0
16	88	2	1	0
16	89	3	1	0
16	90	4	1	0
16	91	2	1	0
16	92	4	1	0
16	93	2	1	0
16	94	6	1	0
16	95	2	1	0
16	96	4	1	0
16	97	6	1	0
16	98	6	1	0
16	99	2	1	0
16	100	4	1	0
16	101	4	1	0
16	102	7	1	0
16	103	4	1	0
16	104	4	1	0
16	105	4	1	0
16	106	6	1	0
16	107	4	1	0
16	108	4	1	0
16	109	4	1	0
16	110	2	1	0
16	111	6	1	0
16	112	4	1	0
16	113	6	1	0
16	114	6	1	0
16	115	5	1	0
16	116	2	1	0
16	117	1	1	0
16	118	4	1	0
16	119	6	1	0
16	120	2	1	0
16	121	6	1	0
16	122	2	1	0
16	123	6	1	0
16	124	6	1	0
16	125	2	1	0
16	126	2	1	0
16	127	2	1	0
16	128	4	1	0
16	129	6	1	0
16	130	4	1	0
16	131	4	1	0
16	132	6	1	0
16	133	4	1	0
16	134	6	1	0
16	135	6	1	0
16	136	2	1	0
16	137	4	1	0
16	138	2	1	0
16	139	2	1	0
16	140	6	1	0
16	141	2	1	0
16	142	1	1	0
16	143	4	1	0
16	144	4	1	0
16	145	6	1	0
16	146	2	1	0
16	147	4	1	0
16	148	6	1	0
16	149	2	1	0
16	150	4	1	0
16	151	5	1	0
16	152	2	1	0
16	153	7	1	0
16	154	4	1	0
16	155	2	1	0
16	156	7	1	0
16	157	2	1	0
16	158	7	1	0
16	159	2	1	0
16	160	6	1	0
16	161	2	1	0
16	162	6	1	0
16	163	1	1	0
16	164	6	1	0
16	165	2	1	0
16	166	5	1	0
16	167	2	1	0
16	168	6	1	0
16	169	6	1	0
16	170	4	1	0
16	171	1	1	0
16	172	2	1	0
16	173	6	1	0
16	174	2	1	0
16	175	5	1	0
16	176	4	1	0
16	177	3	1	0
16	178	2	1	0
16	179	4	1	0
16	180	2	1	0
16	181	6	1	0
16	182	3	1	0
16	183	3	1	0
16	184	6	1	0
16	185	4	1	0
16	186	4	1	0
16	187	2	1	0
16	188	3	1	0
16	189	5	1	0
17	0	6	1	0
17	1	6	1	0
17	2	4	0	-1
17	3	6	0	0
17	4	1	0	0
17	5	5	1	0
17	6	6	1	0
17	7	2	1	0
17	8	6	0	0
17	9	2	0	-1
17	10	6	1	0
17	11	4	0	-1
17	12	7	0	0
17	13	4	1	0
17	14	5	0	0
17	15	2	1	0
17	16	2	0	-1
17	17	6	1	0
17	18	4	0	-1
17	19	4	0	-1
17	20	4	0	-1
17	21	2	0	-1
17	22	6	0	0
17	23	4	1	0
17	24	7	1	0
17	25	2	0	-1
17	26	4	1	0
17	27	4	1	0
17	28	4	1	0
17	29	4	1	0
17	30	4	0	-1
17	31	4	0	-1
17	32	4	0	-1
17	33	2	1	0
17	34	2	1	0
17	35	6	1	0
17	36	6	0	0
17	37	6	0	0
17	38	1	0	0
17	39	2	0	-1
17	40	6	0	0
17	41	6	1	0
17	42	2	1	0
17	43	1	1	0
17	44	2	0	-1
17	45	3	1	0
17	46	4	0	-1
17	47	4	0	-1
17	48	4	0	-1
17	49	6	0	0
17	50	6	0	0
17	51	6	1	0
17	52	2	1	0
17	53	2	1	0
17	54	2	1	0
17	55	6	0	0
17	56	6	0	0
17	57	2	1	0
17	58	4	0	-1
17	59	2	0	-1
17	60	6	1	0
17	61	5	1	0
17	62	1	0	0
17	63	6	1	0
17	64	6	0	0
17	65	7	0	0
17	66	1	0	0
17	67	2	1	0
17	68	1	0	0
17	69	2	0	-1
17	70	2	0	-1
17	71	2	1	0
17	72	2	1	0
17	73	2	0	-1
17	74	2	1	0
17	75	6	0	0
17	76	2	1	0
17	77	4	1	0
17	78	6	1	0
17	79	2	1	0
17	80	3	0	0
17	81	6	1	0
17	82	4	1	0
17	83	6	1	0
17	84	6	1	0
17	85	4	1	0
17	86	6	1	0
17	87	6	1	0
17	88	3	1	0
17	89	2	0	-1
17	90	2	1	0
17	91	2	1	0
17	92	4	0	-1
17	93	6	1	0
17	94	4	1	0
17	95	4	0	-1
17	96	2	1	0
17	97	2	1	0
17	98	6	1	0
17	99	6	1	0
17	100	2	0	-1
17	101	4	1	0
17	102	6	1	0
17	103	6	1	0
17	104	4	1	0
17	105	6	1	0
17	106	5	1	0
17	107	5	1	0
17	108	2	1	0
17	109	6	1	0
17	110	2	0	-1
17	111	2	1	0
17	112	2	1	0
17	113	6	1	0
17	114	4	1	0
17	115	6	1	0
17	116	6	1	0
17	117	3	1	0
17	118	2	1	0
17	119	2	1	0
17	120	2	1	0
17	121	6	1	0
17	122	6	1	0
17	123	4	1	0
17	124	4	1	0
17	125	6	1	0
17	126	6	1	0
17	127	2	1	0
17	128	4	1	0
17	129	6	1	0
17	130	2	1	0
17	131	3	1	0
17	132	6	1	0
17	133	2	1	0
17	134	4	1	0
17	135	2	1	0
17	136	6	1	0
17	137	2	1	0
17	138	2	1	0
17	139	2	1	0
17	140	6	1	0
17	141	1	1	0
17	142	2	1	0
17	143	6	1	0
17	144	7	1	0
17	145	6	1	0
17	146	2	1	0
17	147	2	1	0
17	148	6	1	0
17	149	2	1	0
17	150	4	1	0
17	151	2	1	0
17	152	4	1	0
17	153	2	1	0
17	154	5	1	0
17	155	4	1	0
17	156	4	1	0
17	157	2	1	0
17	158	4	1	0
17	159	3	1	0
17	160	4	1	0
17	161	4	1	0
17	162	3	1	0
17	163	4	1	0
17	164	2	1	0
17	165	1	1	0
17	166	6	1	0
17	167	7	1	0
17	168	2	1	0
17	169	6	1	0
17	170	4	1	0
17	171	7	1	0
17	172	1	1	0
17	173	6	1	0
17	174	2	1	0
17	175	3	1	0
17	176	6	1	0
17	177	2	1	0
17	178	4	1	0
17	179	6	1	0
17	180	6	1	0
17	181	4	1	0
17	182	2	1	0
17	183	2	1	0
17	184	3	1	0
17	185	4	1	0
17	186	6	1	0
17	187	2	1	0
17	188	4	1	0
17	189	4	1	0
18	0	4	0	-1
18	1	6	1	0
18	2	6	0	0
18	3	2	1	0
18	4	4	0	-1
18	5	6	1	0
18	6	6	0	0
18	7	2	0	-1
18	8	4	1	0
18	9	7	1	0
18	10	2	1	0
18	11	6	1	0
18	12	7	0	0
18	13	1	1	0
18	14	4	1	0
18	15	2	0	-1
18	16	2	0	-1
18	17	5	0	0
18	18	2	1	0
18	19	2	0	-1
18	20	4	0	-1
18	21	4	0	-1
18	22	6	0	0
18	23	6	0	0
18	24	2	1	0
18	25	4	1	0
18	26	6	0	0
18	27	4	0	-1
18	28	7	1	0
18	29	2	1	0
18	30	7	0	0
18	31	4	0	-1
18	32	1	1	0
18	33	2	1	0
18	34	1	0	0
18	35	2	1	0
18	36	3	1	0
18	37	4	0	-1
18	38	1	0	0
18	39	6	1	0
18	40	2	1	0
18	41	4	1	0
18	42	6	1	0
18	43	7	0	0
18	44	4	1	0
18	45	6	0	0
18	46	2	0	-1
18	47	7	1	0
18	48	6	0	0
18	49	4	1	0
18	50	2	1	0
18	51	5	0	0
18	52	6	1	0
18	53	2	0	-1
18	54	4	1	0
18	55	4	1	0
18	56	6	1	0
18	57	6	0	0
18	58	7	0	0
18	59	2	1	0
18	60	3	1	0
18	61	3	0	0
18	62	2	0	-1
18	63	4	1	0
18	64	2	1	0
18	65	4	1	0
18	66	4	0	-1
18	67	4	0	-1
18	68	4	1	0
18	69	1	1	0
18	70	4	0	-1
18	71	1	1	0
18	72	2	0	-1
18	73	2	1	0
18	74	4	1	0
18	75	4	1	0
18	76	1	1	0
18	77	2	1	0
18	78	3	0	0
18	79	2	0	-1
18	80	7	0	0
18	81	6	1	0
18	82	2	0	-1
18	83	4	1	0
18	84	2	1	0
18	85	3	1	0
18	86	6	1	0
18	87	6	1	0
18	88	6	1	0
18	89	4	1	0
18	90	4	1	0
18	91	2	1	0
18	92	6	1	0
18	93	6	0	0
18	94	6	0	0
18	95	2	1	0
18	96	2	1	0
18	97	3	1	0
18	98	7	1	0
18	99	6	1	0
18	100	6	1	0
18	101	5	1	0
18	102	1	1	0
18	103	6	1	0
18	104	6	1	0
18	105	1	1	0
18	106	2	1	0
18	107	2	1	0
18	108	4	1	0
18	109	2	1	0
18	110	6	1	0
18	111	6	1	0
18	112	6	1	0
18	113	2	1	0
18	114	1	1	0
18	115	5	1	0
18	116	4	1	0
18	117	2	1	0
18	118	2	1	0
18	119	4	1	0
18	120	6	1	0
18	121	6	1	0
18	122	2	1	0
18	123	5	1	0
18	124	6	1	0
18	125	2	1	0
18	126	2	1	0
18	127	4	1	0
18	128	4	1	0
18	129	2	1	0
18	130	6	1	0
18	131	5	1	0
18	132	2	1	0
18	133	2	1	0
18	134	7	1	0
18	135	7	1	0
18	136	3	1	0
18	137	6	1	0
18	138	2	0	-1
18	139	5	0	0
18	140	2	0	-1
18	141	4	1	0
18	142	4	1	0
18	143	2	1	0
18	144	2	1	0
18	145	4	1	0
18	146	6	1	0
18	147	6	1	0
18	148	6	1	0
18	149	6	1	0
18	150	2	1	0
18	151	2	1	0
18	152	4	1	0
18	153	6	1	0
18	154	2	1	0
18	155	1	1	0
18	156	6	1	0
18	157	7	1	0
18	158	6	1	0
18	159	4	1	0
18	160	6	1	0
18	161	5	1	0
18	162	4	1	0
18	163	4	1	0
18	164	6	1	0
18	165	2	1	0
18	166	6	1	0
18	167	6	1	0
18	168	4	1	0
18	169	7	1	0
18	170	4	1	0
18	171	3	1	0
18	172	2	1	0
18	173	4	1	0
18	174	1	1	0
18	175	6	1	0
18	176	7	1	0
18	177	6	1	0
18	178	6	1	0
18	179	6	1	0
18	180	4	1	0
18	181	2	1	0
18	182	4	1	0
18	183	2	1	0
18	184	2	1	0
18	185	6	1	0
18	186	2	1	0
18	187	6	1	0
18	188	6	1	0
18	189	6	1	0
19	0	6	0	0
19	1	3	0	0
19	2	6	0	0
19	3	2	0	-1
19	4	4	0	-1
19	5	4	0	-1
19	6	4	1	0
19	7	7	1	0
19	8	5	1	0
19	9	6	1	0
19	10	1	1	0
19	11	6	1	0
19	12	6	1	0
19	13	5	0	0
19	14	4	0	-1
19	15	2	1	0
19	16	3	0	0
19	17	1	0	0
19	18	6	1	0
19	19	4	1	0
19	20	6	1	0
19	21	2	0	-1
19	22	5	1	0
19	23	6	1	0
19	24	4	1	0
19	25	4	0	-1
19	26	6	1	0
19	27	3	1	0
19	28	2	1	0
19	29	2	1	0
19	30	2	0	-1
19	31	7	1	0
19	32	1	0	0
19	33	4	1	0
19	34	2	1	0
19	35	6	0	0
19	36	2	1	0
19	37	4	0	-1
19	38	4	0	-1
19	39	6	1	0
19	40	2	1	0
19	41	4	0	-1
19	42	2	1	0
19	43	6	1	0
19	44	4	1	0
19	45	2	1	0
19	46	4	1	0
19	47	2	1	0
19	48	2	1	0
19	49	5	0	0
19	50	2	0	-1
19	51	5	0	0
19	52	2	1	0
19	53	6	0	0
19	54	4	0	-1
19	55	5	1	0
19	56	4	0	-1
19	57	3	0	0
19	58	2	0	-1
19	59	2	1	0
19	60	6	1	0
19	61	2	0	-1
19	62	2	1	0
19	63	4	0	-1
19	64	5	0	0
19	65	6	0	0
19	66	2	0	-1
19	67	4	1	0
19	68	1	0	0
19	69	2	0	-1
19	70	4	1	0
19	71	4	1	0
19	72	6	0	0
19	73	6	1	0
19	74	5	1	0
19	75	4	1	0
19	76	2	1	0
19	77	2	1	0
19	78	1	1	0
19	79	2	1	0
19	80	6	1	0
19	81	2	1	0
19	82	2	1	0
19	83	2	1	0
19	84	2	1	0
19	85	3	1	0
19	86	4	1	0
19	87	6	1	0
19	88	2	1	0
19	89	2	1	0
19	90	4	1	0
19	91	4	1	0
19	92	1	1	0
19	93	2	1	0
19	94	6	1	0
19	95	6	1	0
19	96	5	1	0
19	97	4	1	0
19	98	6	1	0
19	99	7	1	0
19	100	5	1	0
19	101	6	1	0
19	102	6	1	0
19	103	3	1	0
19	104	3	1	0
19	105	6	1	0
19	106	4	1	0
19	107	3	1	0
19	108	2	1	0
19	109	1	1	0
19	110	6	1	0
19	111	1	1	0
19	112	2	1	0
19	113	6	1	0
19	114	2	1	0
19	115	2	1	0
19	116	4	1	0
19	117	2	1	0
19	118	4	1	0
19	119	4	1	0
19	120	4	1	0
19	121	4	1	0
19	122	4	1	0
19	123	6	1	0
19	124	4	1	0
19	125	6	1	0
19	126	2	1	0
19	127	1	1	0
19	128	4	1	0
19	129	5	1	0
19	130	4	1	0
19	131	4	1	0
19	132	4	1	0
19	133	2	1	0
19	134	6	1	0
19	135	4	1	0
19	136	6	1	0
19	137	4	1	0
19	138	4	1	0
19	139	4	1	0
19	140	6	1	0
19	141	6	1	0
19	142	3	1	0
19	143	5	1	0
19	144	6	1	0
19	145	6	1	0
19	146	4	1	0
19	147	1	1	0
19	148	2	1	0
19	149	6	1	0
19	150	6	1	0
19	151	1	1	0
19	152	6	1	0
19	153	6	1	0
19	154	4	1	0
19	155	4	1	0
19	156	2	1	0
19	157	4	1	0
19	158	6	1	0
19	159	6	1	0
19	160	2	1	0
19	161	7	1	0
19	162	2	1	0
19	163	2	1	0
19	164	1	1	0
19	165	2	1	0
19	166	6	1	0
19	167	7	1	0
19	168	2	1	0
19	169	2	1	0
19	170	2	1	0
19	171	7	1	0
19	172	6	1	0
19	173	2	1	0
19	174	4	1	0
19	175	2	1	0
19	176	4	1	0
19	177	4	1	0
19	178	6	1	0
19	179	4	1	0
19	180	6	1	0
19	181	4	1	0
19	182	6	1	0
19	183	6	1	0
19	184	2	1	0
19	185	2	1	0
19	186	4	1	0
19	187	4	1	0
19	188	2	1	0
19	189	2	1	0
