subjID	group	trial	cue	keyPressed	outcome	rt
1	A	1	1	1	0	0.3164
1	A	2	2	1	1	0.3163
1	A	3	1	1	1	0.3491
1	A	4	2	1	1	0.3171
1	A	5	2	0	1	999.0
1	A	6	3	1	0	0.2829
1	A	7	1	1	0	0.1847
1	A	8	2	1	1	0.3171
1	A	9	3	1	1	0.4156
1	A	10	2	1	1	0.3174
1	A	11	2	1	1	0.3334
1	A	12	1	1	0	0.4825
1	A	13	3	1	1	0.298
1	A	14	1	0	1	999.0
1	A	15	3	1	1	0.905
1	A	16	2	1	1	0.2666
1	A	17	3	1	0	0.3357
1	A	18	2	1	0	0.1897
1	A	19	2	1	1	0.3187
1	A	20	1	0	0	999.0
1	A	21	3	0	1	999.0
1	A	22	1	0	1	999.0
1	A	23	1	0	1	999.0
1	A	24	1	1	0	0.3352
1	A	25	3	1	0	0.3722
1	A	26	3	1	1	0.301
1	A	27	2	1	1	0.3341
1	A	28	1	1	0	0.3724
1	A	29	3	1	1	0.2999
1	A	30	3	1	0	0.351
1	A	31	2	0	0	999.0
1	A	32	3	0	0	999.0
1	A	33	3	1	0	0.1892
1	A	34	1	0	1	999.0
1	A	35	1	1	0	0.6682
1	A	36	2	1	1	0.8321
1	A	37	3	1	1	0.7996
1	A	38	2	1	1	0.6662
1	A	39	1	0	0	999.0
1	A	40	3	1	0	0.351
1	A	41	2	0	1	999.0
1	A	42	1	1	0	0.7157
1	A	43	3	1	0	0.3508
1	A	44	2	0	0	999.0
1	A	45	1	0	1	999.0
1	A	46	2	1	1	0.8506
1	A	47	1	0	1	999.0
1	A	48	3	0	1	999.0
1	A	49	2	1	1	0.8635
1	A	50	1	1	1	1.2833
1	A	51	2	1	1	1.5667
1	A	52	3	1	1	0.7506
1	A	53	2	0	0	999.0
1	A	54	2	1	1	0.9633
1	A	55	2	0	0	999.0
1	A	56	1	1	0	1.3168
1	A	57	2	0	0	999.0
1	A	58	3	1	0	0.7344
1	A	59	2	0	1	999.0
1	A	60	1	1	0	1.519
1	A	61	1	1	0	0.3677
1	A	62	3	1	0	1.935
1	A	63	1	1	0	0.4342
1	A	64	3	1	1	0.4843
1	A	65	3	1	1	1.9022
1	A	66	3	1	1	0.6389
1	A	67	1	0	1	999.0
1	A	68	3	1	1	0.2818
1	A	69	1	1	0	1.0483
1	A	70	1	0	1	999.0
1	A	71	2	1	1	0.4326
1	A	72	3	0	1	999.0
1	A	73	1	0	1	999.0
1	A	74	3	0	1	999.0
1	A	75	1	1	0	1.9342
1	A	76	2	0	0	999.0
1	A	77	3	1	0	0.4664
1	A	78	1	0	1	999.0
1	A	79	3	1	0	1.1339
1	A	80	3	1	0	1.2336
1	A	81	2	1	1	0.6007
1	A	82	1	1	0	0.6
1	A	83	2	1	0	0.8836
1	A	84	1	1	0	0.4822
1	A	85	2	1	1	0.6171
1	A	86	1	1	0	0.5326
1	A	87	3	1	0	0.4324
1	A	88	1	1	0	0.5431
1	A	89	1	1	0	0.6019
1	A	90	2	1	0	0.4504
1	A	91	3	1	1	0.3485
1	A	92	2	1	0	0.7356
1	A	93	3	0	0	999.0
1	A	94	1	1	0	1.2345
1	A	95	2	1	1	0.4186
1	A	96	3	1	0	1.853
1	A	97	2	1	1	0.684
1	A	98	3	1	0	0.3839
1	A	99	1	1	1	0.5519
1	A	100	1	0	1	999.0
1	A	101	1	1	1	0.4008
1	A	102	3	1	0	0.4498
1	A	103	3	1	0	1.6166
1	A	104	2	0	0	999.0
1	A	105	2	0	0	999.0
1	A	106	2	1	1	0.6665
1	A	107	2	0	0	999.0
1	A	108	3	0	1	999.0
1	A	109	1	1	0	0.8008
1	A	110	3	1	1	1.6711
1	A	111	1	1	0	0.5163
1	A	112	2	1	1	1.2183
1	A	113	2	0	0	999.0
1	A	114	3	0	1	999.0
1	A	115	3	0	0	999.0
1	A	116	2	0	0	999.0
1	A	117	2	1	0	0.4175
1	A	118	2	1	0	0.9659
1	A	119	3	1	0	1.2665
1	A	120	3	0	1	999.0
1	A	121	2	0	0	999.0
1	A	122	1	0	1	999.0
1	A	123	1	0	1	999.0
1	A	124	1	0	1	999.0
1	A	125	3	1	0	1.8688
1	A	126	2	0	0	999.0
1	A	127	1	0	0	999.0
1	A	128	2	0	1	999.0
1	A	129	1	1	0	0.9665
1	A	130	2	0	0	999.0
1	A	131	1	0	1	999.0
1	A	132	3	0	0	999.0
1	A	133	1	0	1	999.0
1	A	134	3	1	0	1.1841
1	A	135	2	1	1	0.6336
1	A	136	1	0	1	999.0
1	A	137	3	0	1	999.0
1	A	138	2	0	0	999.0
1	A	139	1	1	0	1.0166
1	A	140	2	1	1	1.6346
1	A	141	3	0	1	999.0
1	A	142	3	1	0	1.718
1	A	143	1	0	1	999.0
1	A	144	3	0	1	999.0
2	B	1	1	1	1	1.123
2	B	2	3	1	1	0.5869
2	B	3	1	0	0	999.0
2	B	4	3	1	1	0.5849
2	B	5	2	0	1	999.0
2	B	6	1	1	0	1.2195
2	B	7	3	1	0	1.0528
2	B	8	1	1	0	1.0537
2	B	9	2	0	0	999.0
2	B	10	3	1	0	0.9023
2	B	11	2	0	0	999.0
2	B	12	2	0	0	999.0
2	B	13	1	1	0	1.4376
2	B	14	3	1	1	0.5349
2	B	15	1	0	1	999.0
2	B	16	1	1	0	0.67
2	B	17	3	1	1	0.4185
2	B	18	1	1	0	0.5354
2	B	19	1	1	0	0.5679
2	B	20	2	0	0	999.0
2	B	21	2	0	0	999.0
2	B	22	3	1	1	0.4845
2	B	23	3	1	0	0.5691
2	B	24	1	1	1	0.9526
2	B	25	2	0	0	999.0
2	B	26	2	1	1	0.6687
2	B	27	2	0	0	999.0
2	B	28	1	1	0	0.7852
2	B	29	1	1	1	0.5692
2	B	30	3	1	0	0.6013
2	B	31	2	0	0	999.0
2	B	32	3	1	0	0.5684
2	B	33	3	1	1	0.5023
2	B	34	3	1	0	0.8198
2	B	35	2	1	1	1.1035
2	B	36	2	0	1	999.0
2	B	37	2	1	1	0.7684
2	B	38	2	1	1	0.5527
2	B	39	1	1	0	0.5679
2	B	40	3	1	1	0.5504
2	B	41	2	1	1	1.4555
2	B	42	3	1	0	0.7179
2	B	43	3	1	1	0.4185
2	B	44	3	1	0	0.5024
2	B	45	2	1	1	0.4511
2	B	46	1	1	0	0.7347
2	B	47	3	1	0	0.4341
2	B	48	1	1	1	0.4512
2	B	49	3	1	1	0.534
2	B	50	2	0	1	999.0
2	B	51	1	1	0	0.6169
2	B	52	2	0	0	999.0
2	B	53	1	1	0	0.8524
2	B	54	3	1	1	0.3833
2	B	55	3	1	1	0.6193
2	B	56	3	1	0	0.7359
2	B	57	2	0	0	999.0
2	B	58	2	0	0	999.0
2	B	59	1	1	1	0.6852
2	B	60	2	1	0	0.819
2	B	61	1	1	0	1.1367
2	B	62	1	1	0	0.836
2	B	63	3	1	0	0.4011
2	B	64	3	1	0	0.4518
2	B	65	2	0	0	999.0
2	B	66	3	1	1	0.4512
2	B	67	1	1	1	0.4506
2	B	68	1	1	0	0.4702
2	B	69	1	1	0	0.6354
2	B	70	2	0	1	999.0
2	B	71	1	1	1	0.668
2	B	72	2	0	0	999.0
2	B	73	3	1	0	1.053
2	B	74	3	1	0	1.1376
2	B	75	3	1	1	1.3883
2	B	76	1	1	1	1.3716
2	B	77	1	1	0	0.6192
2	B	78	2	0	0	999.0
2	B	79	2	0	1	999.0
2	B	80	3	1	0	0.4178
2	B	81	3	1	0	0.772
2	B	82	1	1	0	1.8389
2	B	83	1	1	0	0.7194
2	B	84	1	1	0	0.552
2	B	85	3	1	0	0.5525
2	B	86	3	1	0	0.4349
2	B	87	2	0	0	999.0
2	B	88	2	0	0	999.0
2	B	89	1	1	0	0.6512
2	B	90	2	0	0	999.0
2	B	91	2	0	0	999.0
2	B	92	3	1	0	0.567
2	B	93	1	1	0	1.7882
2	B	94	2	0	1	999.0
2	B	95	1	1	0	0.4175
2	B	96	3	1	0	0.4521
2	B	97	2	0	0	999.0
2	B	98	2	0	0	999.0
2	B	99	1	1	0	0.9858
2	B	100	1	1	0	0.4856
2	B	101	3	1	0	0.7515
2	B	102	3	1	1	0.4695
2	B	103	2	0	0	999.0
2	B	104	2	0	0	999.0
2	B	105	3	1	0	0.5015
2	B	106	1	1	1	0.5841
2	B	107	2	0	1	999.0
2	B	108	1	1	0	0.6183
2	B	109	1	1	0	1.6727
2	B	110	1	1	0	0.853
2	B	111	3	1	0	1.2693
2	B	112	2	0	0	999.0
2	B	113	2	0	0	999.0
2	B	114	2	0	1	999.0
2	B	115	3	1	0	1.0361
2	B	116	2	0	0	999.0
2	B	117	2	0	0	999.0
2	B	118	1	0	1	999.0
2	B	119	3	1	1	0.5687
2	B	120	3	1	0	0.9199
2	B	121	2	0	0	999.0
2	B	122	3	1	0	0.8192
2	B	123	1	1	0	1.9399
2	B	124	1	1	1	1.0697
2	B	125	1	1	0	0.7363
2	B	126	2	0	0	999.0
2	B	127	2	1	1	0.3853
2	B	128	2	0	1	999.0
2	B	129	1	1	0	0.6349
2	B	130	3	1	0	0.6174
2	B	131	1	1	0	0.6671
2	B	132	3	1	0	0.5683
2	B	133	3	1	0	0.4027
2	B	134	2	0	0	999.0
2	B	135	1	1	0	1.6219
2	B	136	1	1	1	0.6696
2	B	137	3	1	0	0.7185
2	B	138	3	1	0	0.5518
2	B	139	2	0	0	999.0
2	B	140	3	1	0	1.1868
2	B	141	1	1	0	1.5045
2	B	142	1	0	1	999.0
2	B	143	3	1	1	0.6854
2	B	144	2	1	0	0.8862
3	B	1	3	1	1	1.499
3	B	2	3	0	0	999.0
3	B	3	2	1	1	1.0502
3	B	4	1	1	0	1.1337
3	B	5	3	1	0	1.483
3	B	6	3	1	0	0.8998
3	B	7	1	1	1	0.9504
3	B	8	2	0	0	999.0
3	B	9	3	1	1	0.9652
3	B	10	1	1	0	1.0333
3	B	11	3	0	1	999.0
3	B	12	2	1	1	1.1505
3	B	13	2	1	0	0.7999
3	B	14	2	1	1	0.751
3	B	15	1	1	0	1.0324
3	B	16	2	1	1	0.7833
3	B	17	1	1	1	1.8826
3	B	18	3	1	1	0.8497
3	B	19	1	1	1	1.5506
3	B	20	1	1	0	0.8352
3	B	21	2	0	1	999.0
3	B	22	3	1	0	1.2494
3	B	23	3	0	0	999.0
3	B	24	3	1	1	0.5001
3	B	25	3	1	0	0.9512
3	B	26	1	1	0	1.6151
3	B	27	2	1	1	0.8665
3	B	28	1	1	0	1.4329
3	B	29	1	1	0	1.885
3	B	30	3	0	1	999.0
3	B	31	2	1	1	1.0169
3	B	32	1	1	1	1.2851
3	B	33	2	1	1	1.0151
3	B	34	1	1	0	0.8167
3	B	35	2	1	1	0.9143
3	B	36	2	0	0	999.0
3	B	37	2	0	0	999.0
3	B	38	1	1	0	1.7171
3	B	39	1	1	1	0.7502
3	B	40	2	1	1	0.8673
3	B	41	2	0	0	999.0
3	B	42	1	1	0	1.1486
3	B	43	2	1	1	0.8503
3	B	44	2	0	0	999.0
3	B	45	1	0	1	999.0
3	B	46	3	1	1	0.7165
3	B	47	2	0	0	999.0
3	B	48	3	1	0	1.5505
3	B	49	3	1	0	0.8333
3	B	50	3	0	1	999.0
3	B	51	3	1	0	0.8003
3	B	52	1	1	0	1.732
3	B	53	2	1	1	1.9812
3	B	54	3	0	0	999.0
3	B	55	3	0	0	999.0
3	B	56	1	1	0	1.7666
3	B	57	3	0	1	999.0
3	B	58	3	0	1	999.0
3	B	59	1	1	0	1.4003
3	B	60	1	0	0	999.0
3	B	61	1	1	1	0.767
3	B	62	3	1	1	0.8174
3	B	63	2	0	0	999.0
3	B	64	1	1	0	1.8495
3	B	65	3	0	0	999.0
3	B	66	3	1	1	0.8668
3	B	67	1	1	0	0.8332
3	B	68	2	0	0	999.0
3	B	69	1	1	1	0.4831
3	B	70	2	1	1	0.8174
3	B	71	2	1	1	0.7333
3	B	72	2	0	1	999.0
3	B	73	3	0	1	999.0
3	B	74	1	1	1	1.5503
3	B	75	3	1	0	1.35
3	B	76	2	1	1	0.817
3	B	77	3	1	0	1.7834
3	B	78	1	0	1	999.0
3	B	79	2	1	0	1.7661
3	B	80	3	1	0	0.6667
3	B	81	2	1	0	0.8666
3	B	82	3	0	0	999.0
3	B	83	1	1	0	1.6681
3	B	84	3	0	1	999.0
3	B	85	2	1	1	1.1002
3	B	86	2	1	0	0.7495
3	B	87	2	0	0	999.0
3	B	88	2	1	1	0.5838
3	B	89	1	1	0	0.8844
3	B	90	3	0	1	999.0
3	B	91	1	1	0	0.7001
3	B	92	1	1	0	0.5996
3	B	93	2	1	1	0.5156
3	B	94	1	1	0	0.55
3	B	95	2	0	0	999.0
3	B	96	2	0	0	999.0
3	B	97	1	0	1	999.0
3	B	98	2	1	1	0.9503
3	B	99	1	1	0	1.367
3	B	100	3	1	0	1.7821
3	B	101	3	0	1	999.0
3	B	102	1	1	1	1.5823
3	B	103	1	1	0	0.8172
3	B	104	2	0	0	999.0
3	B	105	3	1	0	0.8495
3	B	106	1	0	1	999.0
3	B	107	3	1	0	1.1504
3	B	108	3	1	0	1.6675
3	B	109	3	0	0	999.0
3	B	110	3	1	0	0.7171
3	B	111	2	1	1	0.95
3	B	112	3	0	1	999.0
3	B	113	2	0	1	999.0
3	B	114	2	1	0	0.7171
3	B	115	1	1	1	0.7321
3	B	116	2	1	1	1.0669
3	B	117	3	1	0	0.8657
3	B	118	1	0	1	999.0
3	B	119	1	0	1	999.0
3	B	120	2	1	1	1.5336
3	B	121	1	0	1	999.0
3	B	122	1	1	0	1.0006
3	B	123	3	1	1	0.8996
3	B	124	2	1	0	0.9489
3	B	125	3	0	0	999.0
3	B	126	2	1	1	0.8834
3	B	127	3	1	0	1.9843
3	B	128	3	0	1	999.0
3	B	129	1	1	1	0.8005
3	B	130	3	1	0	1.1
3	B	131	1	0	0	999.0
3	B	132	3	0	1	999.0
3	B	133	2	0	1	999.0
3	B	134	1	0	1	999.0
3	B	135	3	0	1	999.0
3	B	136	2	0	1	999.0
3	B	137	2	1	1	0.5344
3	B	138	1	1	0	0.5337
3	B	139	1	0	1	999.0
3	B	140	2	1	1	1.0493
3	B	141	1	1	0	1.418
3	B	142	1	0	1	999.0
3	B	143	3	1	0	0.9168
3	B	144	2	1	0	0.7163
4	B	1	2	0	0	999.0
4	B	2	1	0	1	999.0
4	B	3	1	1	0	1.5507
4	B	4	3	0	0	999.0
4	B	5	1	1	0	1.316
4	B	6	3	1	0	0.932
4	B	7	3	1	1	1.7312
4	B	8	1	1	0	0.6826
4	B	9	3	1	1	0.4351
4	B	10	1	1	1	0.4328
4	B	11	2	0	0	999.0
4	B	12	3	1	0	1.1493
4	B	13	2	1	1	0.9816
4	B	14	1	1	0	1.183
4	B	15	3	1	1	0.616
4	B	16	2	1	1	0.8992
4	B	17	2	0	0	999.0
4	B	18	1	1	1	1.4475
4	B	19	3	0	1	999.0
4	B	20	2	1	1	0.3329
4	B	21	3	0	1	999.0
4	B	22	3	1	0	0.9993
4	B	23	2	1	0	1.4807
4	B	24	2	0	0	999.0
4	B	25	2	1	1	1.1668
4	B	26	2	1	1	0.9501
4	B	27	2	0	1	999.0
4	B	28	1	1	0	0.8658
4	B	29	1	0	0	999.0
4	B	30	1	0	1	999.0
4	B	31	2	1	1	1.1155
4	B	32	3	1	0	0.7828
4	B	33	3	1	0	1.0333
4	B	34	1	1	1	1.2032
4	B	35	1	1	0	1.0645
4	B	36	3	1	1	0.8659
4	B	37	3	1	1	0.617
4	B	38	3	1	1	0.4172
4	B	39	2	1	1	1.3153
4	B	40	3	0	0	999.0
4	B	41	2	0	0	999.0
4	B	42	1	1	0	0.716
4	B	43	2	0	0	999.0
4	B	44	2	1	1	0.8667
4	B	45	2	0	0	999.0
4	B	46	2	1	0	0.5667
4	B	47	2	0	0	999.0
4	B	48	1	0	1	999.0
4	B	49	1	1	0	1.2166
4	B	50	1	1	1	1.0998
4	B	51	2	0	0	999.0
4	B	52	1	0	1	999.0
4	B	53	3	1	1	1.2499
4	B	54	3	0	1	999.0
4	B	55	1	1	0	0.8147
4	B	56	3	1	1	1.2807
4	B	57	1	0	0	999.0
4	B	58	2	1	1	0.9316
4	B	59	3	0	1	999.0
4	B	60	1	1	1	0.333
4	B	61	1	1	0	0.3565
4	B	62	2	1	1	0.3825
4	B	63	1	1	0	0.6491
4	B	64	1	0	1	999.0
4	B	65	2	1	1	0.4165
4	B	66	3	0	1	999.0
4	B	67	1	0	0	999.0
4	B	68	3	1	0	1.5164
4	B	69	2	0	0	999.0
4	B	70	3	1	1	0.6663
4	B	71	3	1	0	1.5482
4	B	72	3	1	0	0.784
4	B	73	3	1	0	0.8339
4	B	74	1	0	1	999.0
4	B	75	2	0	0	999.0
4	B	76	2	1	1	0.5003
4	B	77	3	1	0	0.8158
4	B	78	1	0	1	999.0
4	B	79	3	0	1	999.0
4	B	80	2	1	0	0.8329
4	B	81	2	0	0	999.0
4	B	82	2	1	1	1.3702
4	B	83	3	1	0	1.099
4	B	84	1	1	0	1.5527
4	B	85	3	1	0	0.3811
4	B	86	2	0	0	999.0
4	B	87	1	1	0	1.1991
4	B	88	1	0	0	999.0
4	B	89	3	1	0	1.683
4	B	90	1	0	1	999.0
4	B	91	3	1	0	1.216
4	B	92	1	1	0	0.9651
4	B	93	2	1	1	0.4661
4	B	94	3	1	0	0.2823
4	B	95	1	1	0	0.2993
4	B	96	1	0	1	999.0
4	B	97	1	1	0	0.3149
4	B	98	1	1	0	0.3847
4	B	99	2	0	1	999.0
4	B	100	3	1	1	0.3169
4	B	101	3	1	1	0.8171
4	B	102	2	1	0	0.3309
4	B	103	3	1	0	0.6343
4	B	104	2	0	0	999.0
4	B	105	2	1	1	1.2828
4	B	106	3	0	1	999.0
4	B	107	2	1	0	0.3988
4	B	108	1	1	0	0.966
4	B	109	3	0	1	999.0
4	B	110	3	1	0	0.5166
4	B	111	1	1	0	0.7658
4	B	112	1	0	1	999.0
4	B	113	3	1	0	0.5485
4	B	114	2	1	0	0.6993
4	B	115	1	1	0	0.8175
4	B	116	2	1	0	0.7525
4	B	117	3	1	0	1.6835
4	B	118	1	0	1	999.0
4	B	119	1	1	0	0.6155
4	B	120	2	1	1	0.9168
4	B	121	1	1	0	0.6321
4	B	122	3	0	0	999.0
4	B	123	2	1	1	1.5486
4	B	124	2	1	1	0.7029
4	B	125	2	1	1	0.483
4	B	126	3	0	1	999.0
4	B	127	1	1	0	0.7142
4	B	128	1	0	1	999.0
4	B	129	3	1	0	0.3979
4	B	130	1	0	1	999.0
4	B	131	2	1	0	0.816
4	B	132	3	1	0	0.7312
4	B	133	1	0	1	999.0
4	B	134	2	1	1	0.4998
4	B	135	3	1	1	0.549
4	B	136	2	1	0	0.6824
4	B	137	2	1	1	0.6487
4	B	138	1	1	1	0.8172
4	B	139	2	1	1	0.6474
4	B	140	1	1	0	0.5142
4	B	141	3	1	1	0.5162
4	B	142	3	0	0	999.0
4	B	143	2	0	0	999.0
4	B	144	3	1	0	0.4501
5	B	1	1	1	1	1.4096
5	B	2	1	0	0	999.0
5	B	3	1	0	1	999.0
5	B	4	2	1	1	1.0925
5	B	5	1	1	0	0.7009
5	B	6	1	1	0	0.4967
5	B	7	2	0	0	999.0
5	B	8	1	1	0	1.3513
5	B	9	1	0	1	999.0
5	B	10	2	1	1	0.6319
5	B	11	2	1	1	0.2944
5	B	12	2	0	0	999.0
5	B	13	3	1	1	0.6301
5	B	14	3	1	0	0.7013
5	B	15	3	1	1	0.4835
5	B	16	3	1	0	0.4839
5	B	17	3	0	1	999.0
5	B	18	1	1	0	0.683
5	B	19	1	1	1	0.3436
5	B	20	3	0	1	999.0
5	B	21	2	1	1	0.4424
5	B	22	3	0	0	999.0
5	B	23	3	1	0	0.7459
5	B	24	3	1	1	0.4379
5	B	25	2	0	0	999.0
5	B	26	2	0	1	999.0
5	B	27	3	1	0	0.71
5	B	28	2	1	1	1.2997
5	B	29	3	1	0	0.7484
5	B	30	3	0	0	999.0
5	B	31	1	1	1	1.1821
5	B	32	2	0	0	999.0
5	B	33	2	1	1	0.7661
5	B	34	1	1	1	1.3766
5	B	35	1	0	1	999.0
5	B	36	2	1	1	0.602
5	B	37	1	1	0	0.366
5	B	38	3	1	0	0.6675
5	B	39	2	1	1	0.4661
5	B	40	1	1	1	0.9093
5	B	41	3	1	0	0.841
5	B	42	3	1	1	0.561
5	B	43	3	0	1	999.0
5	B	44	3	1	1	0.401
5	B	45	1	0	1	999.0
5	B	46	2	1	1	0.7427
5	B	47	2	1	1	0.433
5	B	48	1	0	1	999.0
5	B	49	2	1	1	0.7101
5	B	50	1	1	0	1.2312
5	B	51	3	1	0	0.8653
5	B	52	2	0	0	999.0
5	B	53	3	1	0	0.801
5	B	54	3	0	1	999.0
5	B	55	2	1	1	0.5031
5	B	56	2	1	1	0.3999
5	B	57	2	0	0	999.0
5	B	58	2	1	0	0.8171
5	B	59	1	1	1	1.0248
5	B	60	1	0	0	999.0
5	B	61	1	0	1	999.0
5	B	62	1	0	1	999.0
5	B	63	1	0	1	999.0
5	B	64	2	0	0	999.0
5	B	65	1	1	0	0.443
5	B	66	1	1	1	0.4353
5	B	67	2	0	0	999.0
5	B	68	3	1	0	0.9856
5	B	69	3	1	1	0.2991
5	B	70	3	0	0	999.0
5	B	71	2	1	1	0.3846
5	B	72	3	0	1	999.0
5	B	73	1	0	1	999.0
5	B	74	3	0	1	999.0
5	B	75	1	1	0	0.4638
5	B	76	3	1	0	0.8246
5	B	77	3	1	1	0.3348
5	B	78	1	0	1	999.0
5	B	79	3	1	0	1.8331
5	B	80	1	1	0	1.1834
5	B	81	3	0	1	999.0
5	B	82	2	1	0	0.5775
5	B	83	1	1	0	0.8437
5	B	84	3	1	0	0.589
5	B	85	1	1	0	1.333
5	B	86	2	1	1	0.6181
5	B	87	2	0	1	999.0
5	B	88	1	0	1	999.0
5	B	89	2	0	1	999.0
5	B	90	2	1	1	0.8997
5	B	91	2	0	0	999.0
5	B	92	3	0	0	999.0
5	B	93	3	0	1	999.0
5	B	94	1	0	1	999.0
5	B	95	1	1	0	0.4443
5	B	96	3	0	1	999.0
5	B	97	2	0	0	999.0
5	B	98	3	1	0	0.6591
5	B	99	2	1	0	0.486
5	B	100	1	1	1	1.3173
5	B	101	2	1	1	0.6832
5	B	102	1	1	0	0.8829
5	B	103	2	0	0	999.0
5	B	104	3	1	0	0.4874
5	B	105	2	1	1	0.7777
5	B	106	1	1	0	1.0941
5	B	107	3	1	0	0.561
5	B	108	2	1	1	0.2453
5	B	109	1	1	0	0.6842
5	B	110	2	0	1	999.0
5	B	111	3	1	0	1.4333
5	B	112	1	1	0	0.662
5	B	113	1	1	0	0.4516
5	B	114	3	1	0	0.5178
5	B	115	1	1	1	0.7426
5	B	116	2	0	0	999.0
5	B	117	3	1	0	1.0593
5	B	118	3	1	0	0.6007
5	B	119	1	0	1	999.0
5	B	120	2	0	0	999.0
5	B	121	1	1	0	1.3
5	B	122	2	1	1	0.9914
5	B	123	2	1	0	1.1523
5	B	124	1	0	1	999.0
5	B	125	3	0	1	999.0
5	B	126	2	1	0	1.2146
5	B	127	1	0	1	999.0
5	B	128	3	1	0	0.933
5	B	129	2	1	0	0.7324
5	B	130	2	1	1	0.4165
5	B	131	3	1	0	0.4147
5	B	132	2	0	0	999.0
5	B	133	1	0	1	999.0
5	B	134	3	0	1	999.0
5	B	135	3	0	1	999.0
5	B	136	3	0	1	999.0
5	B	137	1	0	1	999.0
5	B	138	2	1	1	1.3092
5	B	139	3	1	0	0.6439
5	B	140	2	1	1	0.5098
5	B	141	1	1	0	0.783
5	B	142	1	1	0	0.617
5	B	143	2	1	1	1.2838
5	B	144	3	1	0	0.8421
6	B	1	2	1	1	1.8581
6	B	2	2	0	1	999.0
6	B	3	3	1	1	1.1174
6	B	4	3	0	0	999.0
6	B	5	1	0	1	999.0
6	B	6	1	1	0	0.7732
6	B	7	3	1	0	1.2715
6	B	8	2	0	0	999.0
6	B	9	1	1	1	0.9164
6	B	10	3	1	1	1.1193
6	B	11	1	1	0	1.0623
6	B	12	2	1	1	1.8581
6	B	13	1	0	1	999.0
6	B	14	2	0	1	999.0
6	B	15	2	1	1	1.1696
6	B	16	2	0	0	999.0
6	B	17	2	0	0	999.0
6	B	18	1	1	1	0.782
6	B	19	1	0	1	999.0
6	B	20	2	1	1	1.1227
6	B	21	3	1	1	0.7682
6	B	22	1	0	1	999.0
6	B	23	2	0	0	999.0
6	B	24	1	1	0	0.6368
6	B	25	3	0	0	999.0
6	B	26	2	1	1	0.5663
6	B	27	3	1	1	1.1183
6	B	28	3	0	1	999.0
6	B	29	1	0	1	999.0
6	B	30	1	1	0	1.1062
6	B	31	3	0	0	999.0
6	B	32	2	1	0	0.6005
6	B	33	3	0	0	999.0
6	B	34	3	1	0	0.887
6	B	35	1	0	1	999.0
6	B	36	3	1	1	0.9888
6	B	37	3	1	1	0.5847
6	B	38	1	1	0	0.7178
6	B	39	2	0	1	999.0
6	B	40	2	1	1	0.6904
6	B	41	3	1	0	0.6677
6	B	42	2	0	0	999.0
6	B	43	3	1	1	0.5358
6	B	44	2	0	0	999.0
6	B	45	3	0	0	999.0
6	B	46	1	1	0	0.451
6	B	47	2	0	0	999.0
6	B	48	3	0	1	999.0
6	B	49	3	1	0	0.7502
6	B	50	1	0	1	999.0
6	B	51	1	1	0	0.8225
6	B	52	1	0	1	999.0
6	B	53	2	0	1	999.0
6	B	54	3	0	1	999.0
6	B	55	1	0	1	999.0
6	B	56	3	1	0	0.7207
6	B	57	1	1	1	0.7859
6	B	58	2	0	0	999.0
6	B	59	1	1	1	0.4497
6	B	60	2	1	1	0.4397
6	B	61	2	1	1	0.9693
6	B	62	3	0	1	999.0
6	B	63	2	1	1	0.4065
6	B	64	1	1	0	0.6037
6	B	65	1	0	1	999.0
6	B	66	3	1	1	0.7012
6	B	67	3	0	1	999.0
6	B	68	2	1	1	0.4644
6	B	69	1	0	0	999.0
6	B	70	1	1	0	0.9889
6	B	71	2	0	0	999.0
6	B	72	3	0	0	999.0
6	B	73	2	1	1	0.5847
6	B	74	1	1	0	0.5708
6	B	75	2	0	0	999.0
6	B	76	3	0	1	999.0
6	B	77	1	1	0	0.8174
6	B	78	2	0	0	999.0
6	B	79	1	0	1	999.0
6	B	80	2	1	1	0.5015
6	B	81	1	1	0	0.5023
6	B	82	3	0	0	999.0
6	B	83	2	0	0	999.0
6	B	84	2	1	1	0.5343
6	B	85	3	1	0	0.4501
6	B	86	3	0	1	999.0
6	B	87	1	0	0	999.0
6	B	88	3	1	1	0.5506
6	B	89	2	1	0	0.5558
6	B	90	1	0	1	999.0
6	B	91	3	1	0	1.2351
6	B	92	3	0	0	999.0
6	B	93	3	0	1	999.0
6	B	94	2	1	1	0.6196
6	B	95	1	1	0	0.9382
6	B	96	1	0	1	999.0
6	B	97	1	1	1	0.656
6	B	98	3	0	1	999.0
6	B	99	1	1	0	0.4672
6	B	100	1	0	1	999.0
6	B	101	3	1	0	0.5915
6	B	102	2	1	1	0.8336
6	B	103	1	1	0	0.9691
6	B	104	3	0	1	999.0
6	B	105	3	1	1	0.7728
6	B	106	2	1	0	0.7056
6	B	107	2	0	0	999.0
6	B	108	2	0	0	999.0
6	B	109	1	0	1	999.0
6	B	110	3	0	0	999.0
6	B	111	2	0	1	999.0
6	B	112	2	1	1	0.6361
6	B	113	1	1	0	0.4854
6	B	114	1	0	1	999.0
6	B	115	1	0	1	999.0
6	B	116	2	0	0	999.0
6	B	117	1	1	0	0.5048
6	B	118	2	0	1	999.0
6	B	119	2	0	0	999.0
6	B	120	1	1	0	0.4901
6	B	121	2	1	1	0.5962
6	B	122	3	0	0	999.0
6	B	123	3	1	0	0.4713
6	B	124	3	0	1	999.0
6	B	125	3	0	1	999.0
6	B	126	3	1	0	0.4231
6	B	127	2	0	0	999.0
6	B	128	3	0	0	999.0
6	B	129	2	1	0	0.4159
6	B	130	3	1	1	0.468
6	B	131	3	1	0	0.4848
6	B	132	1	1	0	0.5538
6	B	133	1	1	0	0.67
6	B	134	1	0	0	999.0
6	B	135	3	1	0	0.4
6	B	136	1	1	0	0.5817
6	B	137	3	1	0	0.485
6	B	138	2	1	0	0.5353
6	B	139	1	0	1	999.0
6	B	140	2	0	0	999.0
6	B	141	2	1	0	0.5189
6	B	142	2	0	0	999.0
6	B	143	3	1	0	0.4665
6	B	144	1	1	0	0.4985
7	A	1	2	1	1	0.7175
7	A	2	2	1	0	0.8678
7	A	3	3	1	1	0.717
7	A	4	3	1	1	0.6266
7	A	5	3	1	0	0.5671
7	A	6	2	1	1	0.5499
7	A	7	1	1	1	0.5656
7	A	8	2	1	1	0.521
7	A	9	2	1	1	0.4799
7	A	10	3	1	1	0.7789
7	A	11	2	0	0	999.0
7	A	12	2	1	1	0.3661
7	A	13	1	1	1	0.5005
7	A	14	2	1	1	0.2018
7	A	15	3	1	1	0.618
7	A	16	3	1	0	0.4822
7	A	17	3	1	0	1.1516
7	A	18	2	1	1	0.566
7	A	19	3	1	0	0.2655
7	A	20	1	1	1	0.5023
7	A	21	2	1	1	0.232
7	A	22	1	1	0	0.5681
7	A	23	1	1	0	0.365
7	A	24	1	1	0	0.5816
7	A	25	3	1	0	0.5602
7	A	26	1	1	0	0.4299
7	A	27	3	1	1	0.2503
7	A	28	2	1	1	0.0864
7	A	29	1	1	0	0.0907
7	A	30	2	1	1	0.1013
7	A	31	3	1	0	0.0868
7	A	32	1	1	1	0.449
7	A	33	1	0	1	999.0
7	A	34	1	1	0	0.6176
7	A	35	3	1	1	0.6139
7	A	36	1	1	0	0.4936
7	A	37	3	1	1	0.7671
7	A	38	1	1	0	0.3489
7	A	39	2	1	1	0.1021
7	A	40	1	1	0	0.1149
7	A	41	2	1	1	0.0777
7	A	42	2	1	1	0.2278
7	A	43	3	1	0	0.0515
7	A	44	2	1	1	0.2633
7	A	45	1	1	0	0.1504
7	A	46	2	1	1	0.1158
7	A	47	3	1	1	0.179
7	A	48	3	1	1	0.0188
7	A	49	1	1	1	0.044
7	A	50	2	1	0	0.0522
7	A	51	2	1	1	0.267
7	A	52	3	1	1	0.7466
7	A	53	1	1	0	0.4305
7	A	54	2	0	0	999.0
7	A	55	2	0	1	999.0
7	A	56	3	1	0	0.2896
7	A	57	2	1	1	1.9952
7	A	58	1	1	0	0.2816
7	A	59	1	1	1	0.9481
7	A	60	3	1	1	0.1481
7	A	61	1	1	1	0.2065
7	A	62	1	1	1	1.0651
7	A	63	1	1	0	0.4676
7	A	64	3	1	0	0.4667
7	A	65	3	1	1	0.3505
7	A	66	2	1	1	0.6308
7	A	67	3	1	0	0.0452
7	A	68	2	1	1	0.6472
7	A	69	3	0	0	999.0
7	A	70	3	1	0	0.3821
7	A	71	1	1	0	0.3996
7	A	72	1	1	0	0.4315
7	A	73	1	1	0	0.3647
7	A	74	2	1	1	0.0786
7	A	75	2	1	1	0.018
7	A	76	2	1	0	0.3861
7	A	77	2	1	1	1.8436
7	A	78	1	1	0	1.6823
7	A	79	3	1	0	1.1123
7	A	80	2	1	1	1.0776
7	A	81	3	1	0	0.7801
7	A	82	1	1	0	0.4794
7	A	83	1	1	0	0.3961
7	A	84	1	1	0	0.1013
7	A	85	3	1	0	0.0927
7	A	86	3	1	1	0.0841
7	A	87	2	1	0	0.132
7	A	88	2	1	0	0.015
7	A	89	1	1	0	1.1112
7	A	90	3	1	0	0.0999
7	A	91	2	1	1	1.8271
7	A	92	3	1	0	0.5294
7	A	93	1	1	1	0.1809
7	A	94	1	1	0	0.0185
7	A	95	3	1	0	0.6832
7	A	96	1	1	1	0.2189
7	A	97	1	1	0	0.6024
7	A	98	3	0	0	999.0
7	A	99	3	0	1	999.0
7	A	100	3	1	1	0.1495
7	A	101	1	1	0	0.0646
7	A	102	2	1	1	1.975
7	A	103	2	1	0	0.7831
7	A	104	2	1	1	1.9956
7	A	105	3	1	0	0.3176
7	A	106	3	1	0	0.4344
7	A	107	1	1	0	0.2519
7	A	108	2	1	1	0.8509
7	A	109	1	1	0	1.2436
7	A	110	3	1	0	0.2966
7	A	111	3	1	0	0.6004
7	A	112	2	1	0	0.4997
7	A	113	3	1	0	1.636
7	A	114	3	1	0	0.6317
7	A	115	2	1	1	0.312
7	A	116	1	1	0	0.5123
7	A	117	1	1	0	1.867
7	A	118	3	1	0	0.3626
7	A	119	3	1	1	0.8826
7	A	120	2	1	1	1.9927
7	A	121	1	1	0	0.149
7	A	122	2	1	1	0.8686
7	A	123	2	1	0	0.2141
7	A	124	3	1	0	0.5157
7	A	125	1	1	1	0.3953
7	A	126	2	1	0	1.3287
7	A	127	2	1	1	0.416
7	A	128	2	1	1	0.4624
7	A	129	1	1	1	0.0879
7	A	130	3	1	0	0.5173
7	A	131	1	1	0	0.5147
7	A	132	1	0	1	999.0
7	A	133	1	0	1	999.0
7	A	134	3	1	0	1.9957
7	A	135	1	1	0	0.1627
7	A	136	3	0	0	999.0
7	A	137	1	1	0	0.4629
7	A	138	2	0	0	999.0
7	A	139	3	1	0	0.6827
7	A	140	1	1	0	0.5483
7	A	141	2	1	0	0.6353
7	A	142	2	1	1	0.0833
7	A	143	2	0	0	999.0
7	A	144	3	1	1	0.4443
8	A	1	2	1	1	1.6985
8	A	2	1	1	1	0.7159
8	A	3	2	1	1	0.4665
8	A	4	1	1	1	0.5376
8	A	5	3	0	1	999.0
8	A	6	2	0	0	999.0
8	A	7	3	1	0	0.5151
8	A	8	3	1	1	0.5837
8	A	9	2	0	0	999.0
8	A	10	2	0	1	999.0
8	A	11	3	1	1	0.4159
8	A	12	1	1	0	0.9011
8	A	13	1	1	1	0.4661
8	A	14	3	0	0	999.0
8	A	15	1	1	0	0.5818
8	A	16	3	0	0	999.0
8	A	17	1	1	0	0.7471
8	A	18	3	0	1	999.0
8	A	19	2	0	0	999.0
8	A	20	2	0	0	999.0
8	A	21	2	0	0	999.0
8	A	22	1	1	0	0.472
8	A	23	2	0	0	999.0
8	A	24	2	0	0	999.0
8	A	25	3	0	1	999.0
8	A	26	1	1	0	0.5966
8	A	27	3	1	0	0.4994
8	A	28	1	1	1	0.454
8	A	29	2	0	1	999.0
8	A	30	3	1	1	0.6161
8	A	31	1	1	0	0.6982
8	A	32	2	0	0	999.0
8	A	33	3	0	0	999.0
8	A	34	1	1	0	0.5003
8	A	35	1	1	0	0.5169
8	A	36	3	0	0	999.0
8	A	37	3	0	0	999.0
8	A	38	2	0	0	999.0
8	A	39	3	0	1	999.0
8	A	40	2	0	1	999.0
8	A	41	2	0	0	999.0
8	A	42	3	0	1	999.0
8	A	43	1	1	0	0.6983
8	A	44	3	1	0	0.5493
8	A	45	3	1	1	0.5793
8	A	46	3	1	1	0.5836
8	A	47	1	1	1	0.5673
8	A	48	3	1	0	0.7484
8	A	49	1	1	1	0.45
8	A	50	1	1	0	0.582
8	A	51	2	0	0	999.0
8	A	52	2	0	0	999.0
8	A	53	2	0	1	999.0
8	A	54	1	1	0	0.5693
8	A	55	3	1	0	0.4381
8	A	56	2	0	0	999.0
8	A	57	2	0	0	999.0
8	A	58	1	1	1	0.6122
8	A	59	2	0	1	999.0
8	A	60	2	0	0	999.0
8	A	61	1	1	0	0.6461
8	A	62	1	1	1	0.4165
8	A	63	3	1	0	0.6323
8	A	64	3	1	0	0.4046
8	A	65	3	1	1	0.4332
8	A	66	3	1	0	0.4959
8	A	67	1	1	0	0.6982
8	A	68	1	1	0	0.4502
8	A	69	2	0	0	999.0
8	A	70	1	1	0	0.6007
8	A	71	2	0	0	999.0
8	A	72	1	1	0	0.5155
8	A	73	2	0	0	999.0
8	A	74	1	1	0	0.4988
8	A	75	2	0	1	999.0
8	A	76	1	1	0	0.6478
8	A	77	1	1	1	0.499
8	A	78	1	1	0	0.417
8	A	79	3	1	0	0.4491
8	A	80	2	0	0	999.0
8	A	81	1	1	0	0.4155
8	A	82	1	1	0	0.4157
8	A	83	2	0	0	999.0
8	A	84	3	1	0	0.4957
8	A	85	2	0	0	999.0
8	A	86	1	1	0	0.4981
8	A	87	3	1	0	0.5174
8	A	88	2	0	0	999.0
8	A	89	3	1	1	0.482
8	A	90	3	1	0	0.334
8	A	91	1	1	0	0.4458
8	A	92	2	0	1	999.0
8	A	93	2	0	0	999.0
8	A	94	3	1	0	0.4154
8	A	95	1	1	0	0.4149
8	A	96	2	0	1	999.0
8	A	97	3	1	0	0.4839
8	A	98	2	0	0	999.0
8	A	99	2	0	0	999.0
8	A	100	1	1	0	0.552
8	A	101	2	0	0	999.0
8	A	102	3	1	0	0.482
8	A	103	3	1	0	0.496
8	A	104	3	1	0	0.5491
8	A	105	3	1	0	0.5
8	A	106	3	1	1	0.4522
8	A	107	1	1	0	0.6149
8	A	108	1	1	1	0.478
8	A	109	1	1	1	0.483
8	A	110	1	1	0	0.3992
8	A	111	3	1	0	0.3971
8	A	112	2	0	1	999.0
8	A	113	3	1	0	0.532
8	A	114	2	0	0	999.0
8	A	115	3	1	0	0.6158
8	A	116	2	0	0	999.0
8	A	117	3	1	0	0.5484
8	A	118	1	1	0	0.5829
8	A	119	1	1	0	0.5142
8	A	120	1	1	0	0.4552
8	A	121	2	0	1	999.0
8	A	122	3	1	0	0.5494
8	A	123	1	1	0	0.6316
8	A	124	2	0	0	999.0
8	A	125	3	1	0	0.4629
8	A	126	2	0	0	999.0
8	A	127	1	1	0	0.5031
8	A	128	2	0	1	999.0
8	A	129	3	1	0	0.5817
8	A	130	3	1	0	0.4336
8	A	131	1	1	1	0.4966
8	A	132	3	1	1	0.5666
8	A	133	1	1	0	0.4503
8	A	134	1	1	0	0.3681
8	A	135	3	1	0	0.4455
8	A	136	2	0	0	999.0
8	A	137	1	1	0	0.506
8	A	138	2	0	0	999.0
8	A	139	2	0	0	999.0
8	A	140	1	1	0	0.4395
8	A	141	2	0	0	999.0
8	A	142	2	0	0	999.0
8	A	143	3	1	0	0.7498
8	A	144	3	1	1	0.6001
9	A	1	1	1	1	0.5811
9	A	2	1	0	1	999.0
9	A	3	1	0	1	999.0
9	A	4	2	1	1	0.6557
9	A	5	3	1	0	0.7401
9	A	6	3	1	0	0.6182
9	A	7	2	0	0	999.0
9	A	8	2	0	0	999.0
9	A	9	1	0	1	999.0
9	A	10	3	1	0	0.6533
9	A	11	3	1	0	0.8036
9	A	12	3	1	1	0.6237
9	A	13	3	1	1	0.8039
9	A	14	2	1	1	0.5996
9	A	15	2	1	1	0.7137
9	A	16	1	0	0	999.0
9	A	17	2	0	0	999.0
9	A	18	1	0	0	999.0
9	A	19	1	1	0	1.3522
9	A	20	3	1	1	0.8519
9	A	21	3	0	1	999.0
9	A	22	2	1	1	0.7422
9	A	23	1	1	0	1.8066
9	A	24	3	0	1	999.0
9	A	25	2	1	0	1.3905
9	A	26	2	1	1	0.9906
9	A	27	3	0	0	999.0
9	A	28	1	0	1	999.0
9	A	29	1	0	1	999.0
9	A	30	2	1	1	0.7713
9	A	31	2	0	0	999.0
9	A	32	3	1	1	0.649
9	A	33	3	1	0	0.7138
9	A	34	2	1	1	0.5932
9	A	35	1	1	0	0.6596
9	A	36	1	1	0	0.6322
9	A	37	2	1	1	0.8398
9	A	38	3	1	0	1.1974
9	A	39	3	1	0	0.6162
9	A	40	3	1	1	0.613
9	A	41	2	0	0	999.0
9	A	42	3	1	0	1.0001
9	A	43	2	0	1	999.0
9	A	44	2	0	0	999.0
9	A	45	2	1	1	1.4984
9	A	46	1	1	1	0.8251
9	A	47	3	1	0	1.4636
9	A	48	2	1	1	0.9388
9	A	49	3	1	1	0.6557
9	A	50	1	1	0	0.843
9	A	51	2	0	0	999.0
9	A	52	1	1	0	1.748
9	A	53	1	0	1	999.0
9	A	54	2	1	1	1.1948
9	A	55	3	1	1	0.9442
9	A	56	1	1	0	0.7568
9	A	57	1	1	1	0.6337
9	A	58	1	1	0	0.6301
9	A	59	2	1	1	0.581
9	A	60	2	0	1	999.0
9	A	61	3	1	1	0.7438
9	A	62	1	1	1	0.5975
9	A	63	2	1	1	1.2758
9	A	64	3	0	1	999.0
9	A	65	2	0	0	999.0
9	A	66	1	1	1	0.6508
9	A	67	3	1	1	1.7016
9	A	68	3	0	0	999.0
9	A	69	1	0	1	999.0
9	A	70	1	0	1	999.0
9	A	71	3	1	0	1.0092
9	A	72	1	0	1	999.0
9	A	73	3	0	1	999.0
9	A	74	2	0	0	999.0
9	A	75	2	1	0	0.6211
9	A	76	3	0	1	999.0
9	A	77	1	0	1	999.0
9	A	78	3	0	0	999.0
9	A	79	1	0	1	999.0
9	A	80	2	1	0	0.7305
9	A	81	1	1	0	1.7161
9	A	82	2	1	1	1.9797
9	A	83	2	1	1	1.0763
9	A	84	3	0	1	999.0
9	A	85	3	0	1	999.0
9	A	86	3	0	0	999.0
9	A	87	3	1	0	1.6205
9	A	88	1	1	0	1.0183
9	A	89	3	0	0	999.0
9	A	90	3	1	1	0.7044
9	A	91	1	1	0	1.0054
9	A	92	1	1	0	1.7487
9	A	93	1	1	1	0.7075
9	A	94	2	1	1	1.6317
9	A	95	3	1	0	0.7493
9	A	96	1	1	1	0.8732
9	A	97	1	0	1	999.0
9	A	98	2	1	1	1.8981
9	A	99	2	0	0	999.0
9	A	100	3	1	0	0.6514
9	A	101	1	0	1	999.0
9	A	102	1	0	1	999.0
9	A	103	2	0	0	999.0
9	A	104	3	1	0	0.5941
9	A	105	2	1	0	0.655
9	A	106	2	1	1	0.5459
9	A	107	2	1	1	0.7127
9	A	108	1	1	0	1.0204
9	A	109	1	0	1	999.0
9	A	110	1	0	1	999.0
9	A	111	2	0	1	999.0
9	A	112	1	0	1	999.0
9	A	113	2	0	0	999.0
9	A	114	2	1	0	0.7101
9	A	115	1	0	0	999.0
9	A	116	1	1	0	0.8858
9	A	117	3	0	0	999.0
9	A	118	1	1	0	0.8258
9	A	119	3	1	0	1.0076
9	A	120	1	1	0	0.8391
9	A	121	2	0	0	999.0
9	A	122	3	1	0	0.7622
9	A	123	1	1	1	0.7443
9	A	124	3	1	0	1.113
9	A	125	3	1	0	0.8224
9	A	126	3	1	0	0.6317
9	A	127	1	0	1	999.0
9	A	128	2	0	0	999.0
9	A	129	3	1	0	0.6522
9	A	130	2	0	0	999.0
9	A	131	3	1	0	0.7391
9	A	132	1	1	0	0.7436
9	A	133	1	1	0	1.7563
9	A	134	3	1	0	0.6735
9	A	135	2	0	0	999.0
9	A	136	2	1	1	0.4501
9	A	137	1	1	0	0.4728
9	A	138	3	1	1	0.6628
9	A	139	2	1	1	0.8257
9	A	140	3	0	1	999.0
9	A	141	2	0	1	999.0
9	A	142	2	0	0	999.0
9	A	143	2	0	1	999.0
9	A	144	3	1	0	0.748
10	A	1	1	1	1	1.048
10	A	2	1	0	1	999.0
10	A	3	1	1	0	0.814
10	A	4	3	1	0	0.896
10	A	5	2	0	0	999.0
10	A	6	2	1	1	1.016
10	A	7	1	1	0	1.277
10	A	8	3	1	1	1.309
10	A	9	3	1	0	1.1
10	A	10	2	0	1	999.0
10	A	11	2	1	1	0.795
10	A	12	2	1	1	0.959
10	A	13	2	0	0	999.0
10	A	14	2	1	1	1.063
10	A	15	2	0	1	999.0
10	A	16	3	1	0	0.416
10	A	17	1	1	0	1.073
10	A	18	1	1	1	0.853
10	A	19	3	1	0	0.596
10	A	20	3	1	1	1.689
10	A	21	3	1	1	1.26
10	A	22	3	0	0	999.0
10	A	23	2	1	1	1.108
10	A	24	3	1	1	1.626
10	A	25	1	1	0	0.834
10	A	26	1	1	1	0.958
10	A	27	3	1	1	1.541
10	A	28	1	1	0	0.948
10	A	29	1	0	1	999.0
10	A	30	2	1	1	0.722
10	A	31	1	1	0	0.886
10	A	32	2	0	0	999.0
10	A	33	3	1	0	1.079
10	A	34	3	0	1	999.0
10	A	35	2	1	1	0.967
10	A	36	1	1	1	0.874
10	A	37	3	1	0	0.0
10	A	38	3	1	0	1.982
10	A	39	3	1	1	1.167
10	A	40	3	1	0	0.919
10	A	41	1	1	1	0.854
10	A	42	3	0	1	999.0
10	A	43	1	1	0	0.373
10	A	44	2	1	1	0.987
10	A	45	2	1	1	0.69
10	A	46	2	0	0	999.0
10	A	47	3	1	1	0.778
10	A	48	3	1	0	1.249
10	A	49	2	0	0	999.0
10	A	50	2	1	1	0.941
10	A	51	1	1	0	1.056
10	A	52	1	0	1	999.0
10	A	53	2	1	1	1.643
10	A	54	3	0	1	999.0
10	A	55	2	1	1	0.715
10	A	56	3	0	0	999.0
10	A	57	1	1	0	0.69
10	A	58	1	0	0	999.0
10	A	59	1	1	1	0.411
10	A	60	2	1	1	1.898
10	A	61	3	0	1	999.0
10	A	62	2	0	0	999.0
10	A	63	3	1	0	0.374
10	A	64	3	0	1	999.0
10	A	65	1	1	0	1.131
10	A	66	2	0	1	999.0
10	A	67	1	0	1	999.0
10	A	68	1	1	0	0.716
10	A	69	1	0	1	999.0
10	A	70	1	1	0	0.49
10	A	71	2	0	0	999.0
10	A	72	2	1	1	0.471
10	A	73	1	1	1	0.539
10	A	74	1	0	1	999.0
10	A	75	3	1	0	0.464
10	A	76	3	0	0	999.0
10	A	77	1	1	0	0.665
10	A	78	1	0	1	999.0
10	A	79	1	1	0	1.168
10	A	80	2	0	0	999.0
10	A	81	1	1	0	0.679
10	A	82	3	0	1	999.0
10	A	83	2	1	1	1.011
10	A	84	1	1	0	0.681
10	A	85	1	0	1	999.0
10	A	86	1	1	0	0.651
10	A	87	1	1	0	1.177
10	A	88	3	1	0	1.27
10	A	89	2	0	0	999.0
10	A	90	3	1	0	1.113
10	A	91	3	1	0	0.751
10	A	92	2	0	1	999.0
10	A	93	2	1	1	0.854
10	A	94	2	0	0	999.0
10	A	95	2	1	1	1.151
10	A	96	2	0	1	999.0
10	A	97	3	1	0	1.67
10	A	98	3	0	0	999.0
10	A	99	3	0	1	999.0
10	A	100	3	1	1	0.561
10	A	101	2	0	0	999.0
10	A	102	1	1	1	0.495
10	A	103	3	1	0	1.647
10	A	104	2	0	0	999.0
10	A	105	3	1	1	0.905
10	A	106	2	0	0	999.0
10	A	107	2	0	0	999.0
10	A	108	1	1	0	0.599
10	A	109	1	1	0	1.212
10	A	110	3	0	0	999.0
10	A	111	1	0	1	999.0
10	A	112	2	1	0	0.912
10	A	113	3	0	1	999.0
10	A	114	3	1	0	0.619
10	A	115	1	0	1	999.0
10	A	116	2	1	0	0.617
10	A	117	2	1	0	1.917
10	A	118	1	0	1	999.0
10	A	119	3	0	1	999.0
10	A	120	2	1	1	0.825
10	A	121	2	0	0	999.0
10	A	122	1	1	0	0.792
10	A	123	2	0	0	999.0
10	A	124	1	1	0	0.903
10	A	125	1	1	0	1.337
10	A	126	1	1	1	1.368
10	A	127	3	0	1	999.0
10	A	128	2	1	1	1.467
10	A	129	1	0	1	999.0
10	A	130	3	1	0	0.606
10	A	131	3	1	0	0.961
10	A	132	1	0	1	999.0
10	A	133	3	1	1	0.775
10	A	134	3	1	0	0.683
10	A	135	2	1	1	1.548
10	A	136	3	1	0	1.561
10	A	137	2	0	0	999.0
10	A	138	1	1	0	0.509
10	A	139	2	0	1	999.0
10	A	140	2	1	1	0.401
10	A	141	3	1	1	1.173
10	A	142	1	1	0	1.032
10	A	143	2	0	0	999.0
10	A	144	3	1	0	0.67
11	A	1	2	1	1	1.6719
11	A	2	2	1	1	0.918
11	A	3	1	1	0	0.737
11	A	4	2	0	1	999.0
11	A	5	1	1	0	0.7
11	A	6	2	0	0	999.0
11	A	7	1	1	1	0.7186
11	A	8	3	1	0	0.6638
11	A	9	2	0	0	999.0
11	A	10	1	1	0	0.7117
11	A	11	3	1	1	0.9329
11	A	12	1	1	1	1.1
11	A	13	3	1	0	1.3225
11	A	14	3	1	1	0.7685
11	A	15	3	1	1	0.7365
11	A	16	2	0	0	999.0
11	A	17	2	0	0	999.0
11	A	18	1	1	0	0.6017
11	A	19	3	1	0	0.5848
11	A	20	2	0	1	999.0
11	A	21	2	0	0	999.0
11	A	22	3	1	0	0.5825
11	A	23	3	1	1	0.6717
11	A	24	3	1	1	0.5698
11	A	25	2	0	0	999.0
11	A	26	3	1	0	0.7011
11	A	27	3	1	0	0.6481
11	A	28	2	0	0	999.0
11	A	29	1	1	1	0.7144
11	A	30	1	0	0	999.0
11	A	31	1	1	0	0.5512
11	A	32	3	1	1	0.686
11	A	33	1	0	1	999.0
11	A	34	2	0	0	999.0
11	A	35	1	1	0	0.7835
11	A	36	1	1	0	0.6042
11	A	37	1	1	0	0.9524
11	A	38	1	1	0	0.6406
11	A	39	3	1	0	0.6476
11	A	40	3	1	1	0.5354
11	A	41	3	1	1	1.1865
11	A	42	1	1	0	0.6782
11	A	43	1	1	1	0.5991
11	A	44	3	1	0	0.68
11	A	45	1	1	0	0.869
11	A	46	2	0	0	999.0
11	A	47	3	1	0	0.6338
11	A	48	2	0	0	999.0
11	A	49	1	1	1	0.6677
11	A	50	3	1	0	1.3314
11	A	51	1	1	1	1.8654
11	A	52	2	0	0	999.0
11	A	53	1	1	0	0.6534
11	A	54	3	1	0	1.6218
11	A	55	2	0	1	999.0
11	A	56	3	1	1	0.65
11	A	57	2	0	0	999.0
11	A	58	1	1	1	0.7213
11	A	59	2	0	0	999.0
11	A	60	2	1	1	0.518
11	A	61	3	1	1	0.696
11	A	62	1	1	0	0.7182
11	A	63	2	0	1	999.0
11	A	64	1	1	0	0.5986
11	A	65	3	1	0	0.6148
11	A	66	2	0	0	999.0
11	A	67	2	1	1	0.6089
11	A	68	1	1	0	0.68
11	A	69	3	1	1	0.9766
11	A	70	2	0	0	999.0
11	A	71	2	0	0	999.0
11	A	72	3	1	1	0.9203
11	A	73	3	1	1	0.6218
11	A	74	2	0	0	999.0
11	A	75	1	1	1	0.5971
11	A	76	1	1	0	0.5677
11	A	77	1	1	0	0.6105
11	A	78	2	0	0	999.0
11	A	79	3	1	0	0.4986
11	A	80	3	1	0	0.4567
11	A	81	1	1	0	0.5433
11	A	82	2	0	1	999.0
11	A	83	2	1	0	0.7517
11	A	84	1	1	0	0.5867
11	A	85	2	1	1	0.6974
11	A	86	3	1	0	0.618
11	A	87	2	0	0	999.0
11	A	88	3	1	0	0.6113
11	A	89	1	1	0	0.5731
11	A	90	2	0	0	999.0
11	A	91	1	1	0	0.6303
11	A	92	2	0	0	999.0
11	A	93	3	1	0	0.5454
11	A	94	1	1	0	0.4655
11	A	95	2	0	1	999.0
11	A	96	1	1	1	0.4677
11	A	97	3	1	1	0.5882
11	A	98	2	1	1	0.4912
11	A	99	2	1	0	0.729
11	A	100	2	1	1	0.6672
11	A	101	3	1	0	0.5522
11	A	102	1	1	0	0.5058
11	A	103	3	1	0	0.5135
11	A	104	1	1	0	0.4429
11	A	105	3	1	0	0.4718
11	A	106	3	1	0	0.4402
11	A	107	3	1	0	0.4984
11	A	108	1	1	0	0.5627
11	A	109	2	1	0	0.9683
11	A	110	3	1	0	0.5279
11	A	111	1	1	0	0.4687
11	A	112	3	1	0	0.6355
11	A	113	3	1	0	0.4171
11	A	114	1	1	0	0.4146
11	A	115	2	1	0	0.7859
11	A	116	1	1	0	0.385
11	A	117	1	1	0	0.3903
11	A	118	3	1	0	0.4654
11	A	119	2	1	1	0.4147
11	A	120	2	0	1	999.0
11	A	121	1	1	0	0.6498
11	A	122	1	1	0	0.5003
11	A	123	3	1	0	0.5935
11	A	124	3	1	1	0.4875
11	A	125	1	1	0	0.4624
11	A	126	1	1	1	0.5182
11	A	127	2	1	1	0.5498
11	A	128	3	1	0	0.7482
11	A	129	3	1	0	1.0166
11	A	130	2	1	1	0.7895
11	A	131	2	1	1	1.0143
11	A	132	2	0	0	999.0
11	A	133	2	1	0	0.6379
11	A	134	1	1	0	0.497
11	A	135	1	1	0	1.1297
11	A	136	2	1	1	0.5461
11	A	137	3	1	1	0.6196
11	A	138	3	1	0	0.5034
11	A	139	2	1	1	0.5146
11	A	140	3	1	0	0.6512
11	A	141	2	1	1	0.6832
11	A	142	1	1	0	0.7303
11	A	143	1	1	1	0.5692
11	A	144	3	1	0	0.7188
12	B	1	1	1	0	1.5293
12	B	2	3	1	0	1.3326
12	B	3	2	1	1	0.7769
12	B	4	2	0	0	999.0
12	B	5	3	1	0	0.7324
12	B	6	2	0	1	999.0
12	B	7	1	1	1	0.5028
12	B	8	1	1	0	0.589
12	B	9	2	1	1	0.3982
12	B	10	1	1	0	0.5717
12	B	11	3	1	0	1.0106
12	B	12	3	0	1	999.0
12	B	13	2	1	1	0.7732
12	B	14	2	0	0	999.0
12	B	15	3	1	0	0.8023
12	B	16	1	1	1	1.2517
12	B	17	3	1	1	1.2283
12	B	18	1	0	1	999.0
12	B	19	2	0	0	999.0
12	B	20	3	1	1	1.0838
12	B	21	2	1	1	1.0129
12	B	22	1	1	0	0.9361
12	B	23	1	0	1	999.0
12	B	24	3	1	1	0.5518
12	B	25	2	1	1	0.4056
12	B	26	3	1	1	0.3859
12	B	27	2	0	0	999.0
12	B	28	1	1	1	1.2702
12	B	29	3	0	0	999.0
12	B	30	1	0	1	999.0
12	B	31	1	1	1	0.4943
12	B	32	3	1	1	0.4323
12	B	33	1	0	1	999.0
12	B	34	2	0	0	999.0
12	B	35	3	1	1	0.5734
12	B	36	2	1	1	0.5225
12	B	37	1	1	0	0.4342
12	B	38	2	1	1	0.9917
12	B	39	1	1	0	0.76
12	B	40	2	0	0	999.0
12	B	41	2	0	0	999.0
12	B	42	2	0	1	999.0
12	B	43	1	1	0	1.0663
12	B	44	2	0	0	999.0
12	B	45	2	0	1	999.0
12	B	46	1	1	0	0.9782
12	B	47	1	0	1	999.0
12	B	48	3	1	1	0.7132
12	B	49	3	1	1	1.3713
12	B	50	1	0	1	999.0
12	B	51	2	1	1	0.4155
12	B	52	2	1	1	0.6915
12	B	53	1	0	1	999.0
12	B	54	3	1	0	0.7388
12	B	55	3	1	1	0.7077
12	B	56	2	1	1	0.7407
12	B	57	3	1	1	0.6523
12	B	58	2	1	0	0.7243
12	B	59	1	1	0	0.734
12	B	60	1	1	1	0.7751
12	B	61	3	1	0	0.8156
12	B	62	3	0	1	999.0
12	B	63	1	0	0	999.0
12	B	64	1	0	1	999.0
12	B	65	2	1	1	0.7363
12	B	66	3	0	0	999.0
12	B	67	3	1	0	1.1052
12	B	68	3	0	0	999.0
12	B	69	1	1	0	1.065
12	B	70	2	1	1	1.3666
12	B	71	3	1	0	0.7394
12	B	72	3	1	1	0.7444
12	B	73	2	0	0	999.0
12	B	74	1	0	1	999.0
12	B	75	3	0	1	999.0
12	B	76	2	1	1	1.9763
12	B	77	1	1	1	0.8181
12	B	78	1	1	0	0.8015
12	B	79	1	0	1	999.0
12	B	80	3	1	0	0.9692
12	B	81	2	0	0	999.0
12	B	82	3	1	0	1.0094
12	B	83	3	0	0	999.0
12	B	84	2	0	0	999.0
12	B	85	3	1	1	1.8538
12	B	86	1	1	0	0.8572
12	B	87	3	0	1	999.0
12	B	88	2	0	0	999.0
12	B	89	1	1	0	0.9663
12	B	90	3	1	0	0.5097
12	B	91	1	1	0	0.9079
12	B	92	2	0	1	999.0
12	B	93	2	1	1	1.4753
12	B	94	2	0	1	999.0
12	B	95	3	1	0	0.4448
12	B	96	2	0	0	999.0
12	B	97	2	1	0	0.4306
12	B	98	1	1	0	0.9548
12	B	99	3	0	1	999.0
12	B	100	2	1	0	1.2975
12	B	101	1	1	0	1.468
12	B	102	3	1	0	0.5416
12	B	103	2	0	0	999.0
12	B	104	1	1	0	0.5367
12	B	105	3	1	1	1.6306
12	B	106	3	0	1	999.0
12	B	107	1	1	0	0.1107
12	B	108	1	1	0	1.2801
12	B	109	3	1	0	1.1651
12	B	110	1	1	0	1.2654
12	B	111	2	0	0	999.0
12	B	112	3	1	0	1.0872
12	B	113	2	0	0	999.0
12	B	114	2	1	1	0.582
12	B	115	3	1	0	1.1466
12	B	116	2	0	0	999.0
12	B	117	1	1	0	1.0343
12	B	118	1	1	1	0.44
12	B	119	1	1	0	0.4902
12	B	120	2	0	1	999.0
12	B	121	1	1	0	0.7033
12	B	122	2	1	1	1.2748
12	B	123	1	1	0	0.4448
12	B	124	3	1	1	0.5104
12	B	125	1	1	0	0.4025
12	B	126	1	1	0	0.4311
12	B	127	1	1	0	0.3922
12	B	128	1	1	0	0.6457
12	B	129	3	1	0	0.4242
12	B	130	2	0	1	999.0
12	B	131	3	0	1	999.0
12	B	132	2	1	0	0.5937
12	B	133	3	1	0	1.2114
12	B	134	1	1	1	0.4777
12	B	135	1	1	0	0.5199
12	B	136	3	1	0	0.2763
12	B	137	3	1	0	0.178
12	B	138	2	1	1	0.572
12	B	139	3	1	0	0.8357
12	B	140	2	1	1	0.5153
12	B	141	2	1	0	1.3254
12	B	142	3	1	0	0.5961
12	B	143	2	1	1	0.6028
12	B	144	3	1	1	0.8651
13	B	1	1	1	0	0.7005
13	B	2	1	1	0	0.5358
13	B	3	1	1	0	0.4484
13	B	4	2	1	1	0.5638
13	B	5	1	1	0	1.8978
13	B	6	3	1	0	0.5835
13	B	7	3	1	0	0.4309
13	B	8	3	1	1	0.5893
13	B	9	3	1	0	1.4592
13	B	10	2	0	0	999.0
13	B	11	3	1	1	0.7009
13	B	12	2	1	1	0.5833
13	B	13	2	1	0	0.813
13	B	14	1	1	0	1.3643
13	B	15	2	1	1	1.5107
13	B	16	3	0	1	999.0
13	B	17	1	1	1	0.5589
13	B	18	1	1	1	0.3995
13	B	19	1	1	0	0.3823
13	B	20	1	0	0	999.0
13	B	21	2	1	1	0.4119
13	B	22	2	1	1	0.828
13	B	23	2	0	0	999.0
13	B	24	2	1	1	0.5104
13	B	25	1	0	1	999.0
13	B	26	1	1	1	0.3448
13	B	27	2	1	1	0.4279
13	B	28	3	1	0	0.5466
13	B	29	3	1	0	0.3478
13	B	30	3	1	1	0.3509
13	B	31	3	0	0	999.0
13	B	32	1	0	1	999.0
13	B	33	3	1	1	0.6021
13	B	34	2	0	0	999.0
13	B	35	2	0	0	999.0
13	B	36	3	1	1	1.0396
13	B	37	3	0	1	999.0
13	B	38	3	1	1	0.5201
13	B	39	3	0	0	999.0
13	B	40	2	1	1	0.3769
13	B	41	1	1	0	0.3887
13	B	42	2	0	0	999.0
13	B	43	3	0	1	999.0
13	B	44	3	1	0	0.3494
13	B	45	2	0	0	999.0
13	B	46	2	0	1	999.0
13	B	47	3	1	0	0.4087
13	B	48	2	0	0	999.0
13	B	49	3	1	0	0.7628
13	B	50	1	1	0	0.9335
13	B	51	1	1	1	1.1475
13	B	52	1	1	0	1.9647
13	B	53	2	1	1	1.3706
13	B	54	1	0	0	999.0
13	B	55	1	1	0	1.5501
13	B	56	1	0	1	999.0
13	B	57	2	1	0	0.4685
13	B	58	3	1	1	0.55
13	B	59	3	1	1	1.0026
13	B	60	2	1	1	0.9247
13	B	61	3	1	0	0.5486
13	B	62	2	1	1	1.2595
13	B	63	2	0	0	999.0
13	B	64	2	1	1	0.8286
13	B	65	1	1	1	1.6497
13	B	66	1	1	0	0.908
13	B	67	3	1	1	0.8932
13	B	68	1	0	0	999.0
13	B	69	1	1	0	0.7546
13	B	70	1	1	1	1.7319
13	B	71	2	0	0	999.0
13	B	72	3	1	0	0.5948
13	B	73	2	1	0	0.5304
13	B	74	2	0	0	999.0
13	B	75	3	1	0	0.7115
13	B	76	1	1	0	1.3661
13	B	77	1	0	1	999.0
13	B	78	1	1	0	0.538
13	B	79	1	1	0	0.4506
13	B	80	3	1	0	0.4627
13	B	81	2	1	1	0.4317
13	B	82	1	0	1	999.0
13	B	83	3	1	0	0.4136
13	B	84	2	1	1	0.5177
13	B	85	2	0	0	999.0
13	B	86	3	0	0	999.0
13	B	87	2	1	1	0.5045
13	B	88	3	0	0	999.0
13	B	89	3	0	1	999.0
13	B	90	3	1	1	0.3852
13	B	91	1	1	1	0.7915
13	B	92	1	1	0	0.6621
13	B	93	3	1	0	0.485
13	B	94	2	0	1	999.0
13	B	95	2	1	1	0.7318
13	B	96	2	0	0	999.0
13	B	97	1	1	0	0.4673
13	B	98	1	1	0	0.3922
13	B	99	2	1	0	0.432
13	B	100	1	0	1	999.0
13	B	101	3	0	1	999.0
13	B	102	3	1	0	0.419
13	B	103	2	1	1	0.3975
13	B	104	3	0	0	999.0
13	B	105	1	0	1	999.0
13	B	106	1	1	0	0.3795
13	B	107	2	1	1	0.4157
13	B	108	3	1	0	0.4509
13	B	109	3	1	0	1.3045
13	B	110	3	1	0	0.8889
13	B	111	1	1	0	0.4117
13	B	112	1	1	0	0.4209
13	B	113	3	1	0	0.5477
13	B	114	1	1	0	0.5485
13	B	115	3	0	1	999.0
13	B	116	1	0	1	999.0
13	B	117	1	1	0	0.4054
13	B	118	2	1	1	0.3816
13	B	119	2	1	0	1.1866
13	B	120	2	0	1	999.0
13	B	121	3	1	0	0.3541
13	B	122	3	1	1	0.3008
13	B	123	3	1	0	0.3509
13	B	124	2	1	1	0.4636
13	B	125	2	1	1	0.3495
13	B	126	2	1	1	0.785
13	B	127	1	1	1	0.4255
13	B	128	2	0	1	999.0
13	B	129	2	1	0	0.4322
13	B	130	3	1	1	0.5063
13	B	131	2	0	0	999.0
13	B	132	1	0	1	999.0
13	B	133	3	1	0	0.6019
13	B	134	3	1	0	0.6334
13	B	135	2	1	0	0.6804
13	B	136	2	0	0	999.0
13	B	137	1	1	0	0.4156
13	B	138	3	1	0	0.5289
13	B	139	2	1	1	0.4977
13	B	140	3	1	0	1.215
13	B	141	1	1	0	0.5519
13	B	142	1	0	1	999.0
13	B	143	1	1	0	0.4719
13	B	144	1	1	0	0.4652
14	B	1	2	0	0	999.0
14	B	2	3	1	0	1.521
14	B	3	2	0	0	999.0
14	B	4	3	1	1	0.6749
14	B	5	2	0	0	999.0
14	B	6	2	0	0	999.0
14	B	7	3	1	0	0.9309
14	B	8	2	0	0	999.0
14	B	9	1	0	1	999.0
14	B	10	1	1	0	0.8363
14	B	11	1	1	0	0.8409
14	B	12	1	1	0	0.7938
14	B	13	3	1	0	1.1513
14	B	14	1	1	1	0.7778
14	B	15	3	1	1	0.9803
14	B	16	2	0	1	999.0
14	B	17	2	1	1	0.8248
14	B	18	3	1	0	0.7393
14	B	19	3	1	1	0.7941
14	B	20	2	0	1	999.0
14	B	21	1	1	0	0.6948
14	B	22	2	0	0	999.0
14	B	23	1	1	0	0.5997
14	B	24	1	1	0	0.6665
14	B	25	3	1	0	1.1251
14	B	26	2	0	0	999.0
14	B	27	3	1	0	0.7997
14	B	28	2	0	0	999.0
14	B	29	1	1	1	0.7818
14	B	30	1	1	0	0.7076
14	B	31	1	1	1	0.6976
14	B	32	3	1	1	0.895
14	B	33	3	1	1	0.6995
14	B	34	1	1	0	0.6971
14	B	35	2	0	1	999.0
14	B	36	3	1	1	0.7152
14	B	37	2	1	1	0.7944
14	B	38	1	1	0	0.6482
14	B	39	3	1	1	0.6122
14	B	40	3	1	1	0.7654
14	B	41	1	1	0	0.5618
14	B	42	1	1	1	0.8426
14	B	43	2	1	1	1.2506
14	B	44	2	0	1	999.0
14	B	45	1	1	1	0.7372
14	B	46	2	1	0	0.7473
14	B	47	2	1	1	0.6425
14	B	48	3	1	0	0.5028
14	B	49	3	1	1	0.6727
14	B	50	1	1	0	0.7189
14	B	51	3	0	1	999.0
14	B	52	2	0	0	999.0
14	B	53	2	0	0	999.0
14	B	54	1	1	0	0.6927
14	B	55	3	1	1	0.8916
14	B	56	3	0	0	999.0
14	B	57	3	0	1	999.0
14	B	58	2	1	1	1.2553
14	B	59	1	1	0	0.5291
14	B	60	1	1	0	0.7897
14	B	61	2	0	0	999.0
14	B	62	1	1	1	0.6988
14	B	63	3	1	0	0.6751
14	B	64	1	0	0	999.0
14	B	65	1	0	1	999.0
14	B	66	2	0	0	999.0
14	B	67	3	1	1	0.4254
14	B	68	2	0	0	999.0
14	B	69	2	1	1	0.7939
14	B	70	3	0	1	999.0
14	B	71	1	1	0	0.4249
14	B	72	3	1	1	0.6984
14	B	73	3	1	0	0.6607
14	B	74	1	1	0	0.4786
14	B	75	2	0	0	999.0
14	B	76	1	1	0	0.4447
14	B	77	2	0	1	999.0
14	B	78	1	1	0	0.4946
14	B	79	3	1	0	0.4302
14	B	80	2	0	1	999.0
14	B	81	2	1	1	0.3876
14	B	82	2	0	0	999.0
14	B	83	3	1	0	0.473
14	B	84	3	1	0	0.5398
14	B	85	1	1	0	0.6019
14	B	86	3	1	0	0.6848
14	B	87	2	0	0	999.0
14	B	88	1	1	0	0.5131
14	B	89	3	1	1	0.528
14	B	90	3	1	0	0.5759
14	B	91	1	1	0	0.4967
14	B	92	3	1	0	0.5371
14	B	93	2	1	1	0.426
14	B	94	1	1	0	0.4284
14	B	95	2	0	0	999.0
14	B	96	1	1	1	0.5842
14	B	97	2	0	0	999.0
14	B	98	3	0	1	999.0
14	B	99	1	1	0	0.4338
14	B	100	2	0	1	999.0
14	B	101	2	0	0	999.0
14	B	102	3	1	0	0.4667
14	B	103	1	1	1	0.5333
14	B	104	3	1	1	0.4806
14	B	105	1	1	0	0.4152
14	B	106	1	1	0	0.4607
14	B	107	2	0	0	999.0
14	B	108	3	1	0	0.675
14	B	109	3	1	0	0.4267
14	B	110	1	1	0	0.5877
14	B	111	3	1	1	0.4426
14	B	112	1	1	1	0.4559
14	B	113	3	1	0	0.4401
14	B	114	3	1	0	0.6431
14	B	115	3	1	1	0.3938
14	B	116	2	0	0	999.0
14	B	117	2	0	0	999.0
14	B	118	1	1	0	0.5091
14	B	119	1	1	0	0.5212
14	B	120	1	1	0	0.5638
14	B	121	2	0	0	999.0
14	B	122	3	0	1	999.0
14	B	123	1	1	0	0.7152
14	B	124	2	1	0	0.7174
14	B	125	2	0	1	999.0
14	B	126	3	1	0	0.5335
14	B	127	2	1	1	0.8036
14	B	128	3	1	0	0.4736
14	B	129	3	1	0	0.5309
14	B	130	1	1	0	0.5982
14	B	131	2	1	1	0.5087
14	B	132	2	1	1	0.5252
14	B	133	1	1	0	0.537
14	B	134	3	1	0	0.4568
14	B	135	3	0	1	999.0
14	B	136	2	0	0	999.0
14	B	137	1	1	0	0.4063
14	B	138	1	1	0	0.4872
14	B	139	2	0	0	999.0
14	B	140	3	1	0	0.509
14	B	141	1	1	1	0.9846
14	B	142	1	1	0	0.4891
14	B	143	2	0	0	999.0
14	B	144	2	1	0	0.4606
15	B	1	1	1	0	1.6393
15	B	2	1	1	1	1.7696
15	B	3	3	1	1	0.7402
15	B	4	3	1	0	0.5304
15	B	5	2	1	1	0.7213
15	B	6	1	1	0	0.826
15	B	7	3	1	0	1.4631
15	B	8	1	1	1	1.0871
15	B	9	3	1	1	1.1152
15	B	10	2	1	1	1.1277
15	B	11	3	1	1	1.1755
15	B	12	1	1	0	0.5245
15	B	13	1	1	1	0.4423
15	B	14	2	1	1	1.0841
15	B	15	2	0	0	999.0
15	B	16	3	0	0	999.0
15	B	17	3	0	0	999.0
15	B	18	2	0	0	999.0
15	B	19	2	0	0	999.0
15	B	20	3	0	0	999.0
15	B	21	2	0	0	999.0
15	B	22	1	0	1	999.0
15	B	23	2	1	0	0.4804
15	B	24	1	1	0	1.244
15	B	25	1	0	1	999.0
15	B	26	2	1	1	0.6317
15	B	27	3	0	1	999.0
15	B	28	1	0	1	999.0
15	B	29	2	1	1	0.3956
15	B	30	2	1	1	0.7049
15	B	31	2	0	0	999.0
15	B	32	3	0	0	999.0
15	B	33	1	1	0	0.8801
15	B	34	1	1	0	0.4103
15	B	35	3	1	1	0.4998
15	B	36	3	0	1	999.0
15	B	37	2	1	1	0.6106
15	B	38	1	0	0	999.0
15	B	39	1	0	1	999.0
15	B	40	2	1	0	0.4957
15	B	41	3	0	1	999.0
15	B	42	1	1	1	0.4298
15	B	43	2	1	1	0.6045
15	B	44	1	0	1	999.0
15	B	45	3	1	1	0.4269
15	B	46	2	1	1	0.9532
15	B	47	3	1	0	1.6927
15	B	48	3	0	0	999.0
15	B	49	1	0	1	999.0
15	B	50	2	1	1	0.603
15	B	51	3	1	0	0.9948
15	B	52	1	1	0	1.4301
15	B	53	1	0	1	999.0
15	B	54	3	0	0	999.0
15	B	55	2	1	1	0.4662
15	B	56	3	0	1	999.0
15	B	57	1	1	1	0.4909
15	B	58	1	1	0	0.8215
15	B	59	1	1	0	0.6073
15	B	60	2	1	1	1.0535
15	B	61	3	0	1	999.0
15	B	62	3	1	1	0.5197
15	B	63	3	0	1	999.0
15	B	64	2	1	1	0.4627
15	B	65	2	1	1	0.3925
15	B	66	2	0	0	999.0
15	B	67	2	0	0	999.0
15	B	68	1	1	0	0.5402
15	B	69	1	1	0	0.5819
15	B	70	2	1	1	0.6415
15	B	71	3	1	0	1.0506
15	B	72	3	1	0	0.5743
15	B	73	2	1	1	0.478
15	B	74	1	1	0	0.4859
15	B	75	1	1	1	0.0331
15	B	76	3	1	0	0.9907
15	B	77	3	0	1	999.0
15	B	78	2	1	0	1.1208
15	B	79	3	1	0	0.9273
15	B	80	2	1	1	1.5034
15	B	81	1	1	0	1.1237
15	B	82	3	1	0	0.7353
15	B	83	3	1	0	0.8457
15	B	84	2	0	0	999.0
15	B	85	2	1	1	0.3999
15	B	86	3	1	0	0.5156
15	B	87	1	1	0	0.9673
15	B	88	1	1	0	1.0513
15	B	89	2	1	1	0.4004
15	B	90	2	0	0	999.0
15	B	91	1	0	1	999.0
15	B	92	2	0	0	999.0
15	B	93	2	1	1	0.3951
15	B	94	1	1	0	0.7792
15	B	95	2	1	0	0.1953
15	B	96	2	0	1	999.0
15	B	97	2	1	0	0.656
15	B	98	1	1	0	0.0866
15	B	99	1	0	1	999.0
15	B	100	3	1	0	0.7261
15	B	101	3	1	0	0.5469
15	B	102	1	1	0	1.1633
15	B	103	3	0	1	999.0
15	B	104	3	1	0	0.3613
15	B	105	1	1	0	0.4342
15	B	106	3	1	1	0.333
15	B	107	3	0	0	999.0
15	B	108	1	1	0	0.8297
15	B	109	2	1	1	1.0144
15	B	110	1	1	0	0.3654
15	B	111	2	1	1	0.3983
15	B	112	3	0	0	999.0
15	B	113	3	1	0	0.3129
15	B	114	3	1	0	1.4602
15	B	115	2	0	1	999.0
15	B	116	1	1	0	0.4415
15	B	117	2	1	1	0.4621
15	B	118	1	1	0	0.3849
15	B	119	3	1	1	1.1986
15	B	120	2	1	1	0.3677
15	B	121	1	1	0	0.4311
15	B	122	3	0	1	999.0
15	B	123	3	1	0	0.4945
15	B	124	3	1	0	0.5366
15	B	125	2	1	0	0.6309
15	B	126	2	1	1	0.4235
15	B	127	1	1	1	0.1932
15	B	128	2	1	0	0.593
15	B	129	2	1	1	0.9072
15	B	130	1	1	1	0.7031
15	B	131	1	1	0	0.9257
15	B	132	1	1	0	0.9772
15	B	133	1	1	0	0.5732
15	B	134	3	1	1	0.9627
15	B	135	1	1	0	0.9013
15	B	136	3	0	1	999.0
15	B	137	3	1	0	0.4092
15	B	138	1	1	0	0.4078
15	B	139	2	1	0	0.7024
15	B	140	3	1	0	1.9525
15	B	141	3	1	0	0.4524
15	B	142	1	1	0	0.6982
15	B	143	2	1	0	0.7569
15	B	144	2	1	1	1.8577
16	B	1	1	1	1	0.9951
16	B	2	2	0	0	999.0
16	B	3	2	1	1	0.6806
16	B	4	1	1	0	0.9277
16	B	5	1	1	0	0.6313
16	B	6	1	1	0	0.565
16	B	7	1	1	1	0.6483
16	B	8	1	1	0	0.7636
16	B	9	3	1	1	0.9811
16	B	10	3	1	1	0.9303
16	B	11	1	1	0	0.7589
16	B	12	2	0	0	999.0
16	B	13	3	0	0	999.0
16	B	14	1	1	0	0.4952
16	B	15	1	1	1	0.6147
16	B	16	3	0	1	999.0
16	B	17	2	0	1	999.0
16	B	18	2	0	1	999.0
16	B	19	3	1	0	0.43
16	B	20	2	1	1	0.4471
16	B	21	3	1	1	0.4633
16	B	22	2	1	1	0.5612
16	B	23	2	1	1	0.6298
16	B	24	1	1	1	1.18
16	B	25	2	0	0	999.0
16	B	26	1	1	0	0.5798
16	B	27	3	1	0	0.7293
16	B	28	3	1	0	0.6813
16	B	29	3	1	0	0.5143
16	B	30	2	0	0	999.0
16	B	31	2	0	1	999.0
16	B	32	3	1	1	0.6588
16	B	33	3	1	1	0.4314
16	B	34	1	1	0	0.6132
16	B	35	2	0	0	999.0
16	B	36	3	1	0	0.6997
16	B	37	2	0	0	999.0
16	B	38	1	1	0	0.8152
16	B	39	1	1	0	0.6141
16	B	40	3	1	1	0.6136
16	B	41	2	0	1	999.0
16	B	42	1	1	0	0.7788
16	B	43	1	1	1	0.5979
16	B	44	2	1	1	0.7145
16	B	45	3	1	1	0.9259
16	B	46	3	0	1	999.0
16	B	47	3	0	0	999.0
16	B	48	2	0	0	999.0
16	B	49	1	1	0	0.6966
16	B	50	1	1	1	0.5633
16	B	51	1	1	0	0.6645
16	B	52	3	0	1	999.0
16	B	53	2	0	1	999.0
16	B	54	2	0	0	999.0
16	B	55	2	0	0	999.0
16	B	56	1	1	1	0.7758
16	B	57	3	1	0	0.5798
16	B	58	3	1	1	0.5809
16	B	59	2	0	1	999.0
16	B	60	1	1	0	0.9649
16	B	61	3	1	0	0.7283
16	B	62	1	1	0	0.7637
16	B	63	2	0	0	999.0
16	B	64	2	0	0	999.0
16	B	65	3	1	0	0.5961
16	B	66	3	1	1	0.6144
16	B	67	2	0	0	999.0
16	B	68	2	0	0	999.0
16	B	69	1	1	0	0.5115
16	B	70	3	1	0	0.5781
16	B	71	1	1	1	0.928
16	B	72	3	1	0	0.895
16	B	73	3	0	1	999.0
16	B	74	2	0	0	999.0
16	B	75	2	1	0	0.7476
16	B	76	1	1	0	0.862
16	B	77	2	1	0	0.6302
16	B	78	3	1	1	0.7456
16	B	79	1	1	0	0.6477
16	B	80	3	1	0	0.6331
16	B	81	2	1	1	0.6989
16	B	82	3	1	0	0.4302
16	B	83	1	1	1	0.547
16	B	84	3	1	0	0.6615
16	B	85	2	0	0	999.0
16	B	86	3	1	0	0.4635
16	B	87	1	1	0	0.7598
16	B	88	3	1	0	0.6617
16	B	89	1	1	1	0.7794
16	B	90	2	1	1	1.0076
16	B	91	2	1	1	0.5319
16	B	92	2	1	1	1.2456
16	B	93	3	1	1	0.5801
16	B	94	1	1	0	0.762
16	B	95	1	1	0	0.5311
16	B	96	1	1	0	0.4515
16	B	97	2	1	1	0.5284
16	B	98	1	1	0	0.532
16	B	99	1	1	0	0.565
16	B	100	1	1	0	0.5317
16	B	101	3	1	0	0.4963
16	B	102	3	1	0	0.4972
16	B	103	2	1	1	0.6459
16	B	104	2	1	0	0.5323
16	B	105	2	1	0	0.3654
16	B	106	1	1	0	0.5788
16	B	107	3	1	0	0.4132
16	B	108	3	1	0	0.4971
16	B	109	1	1	0	0.6086
16	B	110	3	1	0	0.7254
16	B	111	2	1	1	1.0096
16	B	112	1	1	0	0.5141
16	B	113	3	1	0	0.413
16	B	114	1	1	0	0.509
16	B	115	1	1	1	0.5337
16	B	116	2	1	1	0.6293
16	B	117	3	1	0	0.6798
16	B	118	1	0	1	999.0
16	B	119	3	1	0	0.1985
16	B	120	2	1	1	0.5126
16	B	121	3	1	0	0.4461
16	B	122	3	1	0	0.7798
16	B	123	1	1	0	0.4635
16	B	124	1	1	0	0.414
16	B	125	2	0	1	999.0
16	B	126	2	1	1	0.3662
16	B	127	3	1	0	0.6086
16	B	128	1	1	1	0.3681
16	B	129	2	1	1	0.4959
16	B	130	1	0	1	999.0
16	B	131	3	1	1	0.544
16	B	132	3	1	0	0.7634
16	B	133	2	1	0	0.6124
16	B	134	2	1	1	0.3663
16	B	135	1	0	1	999.0
16	B	136	3	1	0	0.3956
16	B	137	2	1	1	0.7289
16	B	138	2	0	1	999.0
16	B	139	1	1	0	0.578
16	B	140	2	0	0	999.0
16	B	141	3	1	0	0.4116
16	B	142	2	0	0	999.0
16	B	143	3	1	1	1.2601
16	B	144	1	1	0	0.6281
17	B	1	2	0	0	999.0
17	B	2	1	1	1	0.6796
17	B	3	2	1	1	1.9307
17	B	4	2	0	0	999.0
17	B	5	3	0	0	999.0
17	B	6	1	0	1	999.0
17	B	7	3	1	1	0.6783
17	B	8	1	1	0	0.9686
17	B	9	2	1	1	0.783
17	B	10	1	1	1	0.6924
17	B	11	3	1	0	1.2031
17	B	12	2	1	1	1.4804
17	B	13	1	1	0	0.8681
17	B	14	1	1	0	1.5902
17	B	15	3	1	1	1.2818
17	B	16	3	1	1	1.0072
17	B	17	2	0	1	999.0
17	B	18	2	1	1	0.771
17	B	19	2	0	1	999.0
17	B	20	1	1	0	0.6685
17	B	21	3	1	1	0.5824
17	B	22	2	1	1	0.4998
17	B	23	2	1	1	0.7886
17	B	24	3	1	0	0.4878
17	B	25	1	1	0	0.8175
17	B	26	1	1	1	1.0
17	B	27	3	1	0	1.0745
17	B	28	1	0	1	999.0
17	B	29	3	0	0	999.0
17	B	30	2	1	1	1.5625
17	B	31	3	0	0	999.0
17	B	32	3	1	0	0.5773
17	B	33	1	0	1	999.0
17	B	34	3	1	1	0.9064
17	B	35	2	1	1	0.5968
17	B	36	1	1	0	0.7187
17	B	37	2	1	1	1.0193
17	B	38	3	0	0	999.0
17	B	39	2	0	0	999.0
17	B	40	2	1	1	0.6597
17	B	41	1	1	0	0.7336
17	B	42	2	1	1	1.1452
17	B	43	3	1	0	0.9444
17	B	44	1	0	1	999.0
17	B	45	3	0	1	999.0
17	B	46	2	0	0	999.0
17	B	47	2	0	1	999.0
17	B	48	2	0	0	999.0
17	B	49	2	1	1	1.825
17	B	50	3	0	1	999.0
17	B	51	1	1	0	0.5021
17	B	52	1	1	1	0.5391
17	B	53	3	1	0	0.4323
17	B	54	1	0	1	999.0
17	B	55	1	1	0	0.3331
17	B	56	3	1	1	0.5601
17	B	57	1	1	1	0.7814
17	B	58	3	1	1	0.4642
17	B	59	3	1	0	0.486
17	B	60	1	1	1	0.5848
17	B	61	3	1	0	1.247
17	B	62	3	0	1	999.0
17	B	63	2	1	1	0.6309
17	B	64	2	1	1	1.41
17	B	65	3	1	1	0.5739
17	B	66	2	1	1	0.4121
17	B	67	1	1	0	0.4835
17	B	68	3	1	1	0.5078
17	B	69	1	1	0	0.5496
17	B	70	1	0	1	999.0
17	B	71	1	0	1	999.0
17	B	72	2	0	0	999.0
17	B	73	3	1	0	0.7269
17	B	74	2	1	1	0.5617
17	B	75	2	1	1	1.269
17	B	76	3	0	1	999.0
17	B	77	1	1	1	1.9291
17	B	78	2	1	1	0.534
17	B	79	1	0	1	999.0
17	B	80	3	1	0	0.5603
17	B	81	3	0	0	999.0
17	B	82	1	1	0	0.4848
17	B	83	3	1	0	0.3775
17	B	84	2	0	1	999.0
17	B	85	1	0	1	999.0
17	B	86	3	1	0	1.0926
17	B	87	3	0	0	999.0
17	B	88	1	1	0	1.0784
17	B	89	3	1	0	1.1139
17	B	90	2	1	1	0.1215
17	B	91	1	1	0	0.4297
17	B	92	2	1	0	0.7691
17	B	93	3	1	1	0.5463
17	B	94	1	1	0	0.8847
17	B	95	1	1	0	1.3387
17	B	96	2	0	0	999.0
17	B	97	2	0	0	999.0
17	B	98	2	1	1	0.7279
17	B	99	1	0	1	999.0
17	B	100	2	1	1	0.4792
17	B	101	2	1	0	0.3846
17	B	102	3	1	0	1.221
17	B	103	3	1	0	0.9933
17	B	104	3	0	1	999.0
17	B	105	1	1	0	0.6168
17	B	106	1	1	0	1.0834
17	B	107	1	0	1	999.0
17	B	108	2	1	1	0.58
17	B	109	2	1	1	0.1329
17	B	110	2	1	1	0.8894
17	B	111	1	1	0	0.7036
17	B	112	3	1	0	0.6826
17	B	113	1	1	0	0.7061
17	B	114	2	0	1	999.0
17	B	115	2	1	1	0.3621
17	B	116	1	0	1	999.0
17	B	117	2	1	0	0.4987
17	B	118	2	1	0	1.3245
17	B	119	1	0	1	999.0
17	B	120	1	1	0	0.7029
17	B	121	2	1	1	0.4694
17	B	122	3	0	1	999.0
17	B	123	3	1	0	1.2392
17	B	124	3	0	0	999.0
17	B	125	1	1	0	1.0685
17	B	126	3	1	0	1.7546
17	B	127	3	1	0	0.8715
17	B	128	3	1	0	0.606
17	B	129	3	1	1	0.8374
17	B	130	1	1	1	0.7698
17	B	131	2	1	1	0.904
17	B	132	3	1	0	1.4549
17	B	133	1	0	1	999.0
17	B	134	2	1	1	0.3668
17	B	135	2	1	1	0.4347
17	B	136	1	1	0	1.9894
17	B	137	1	1	0	1.2497
17	B	138	1	0	1	999.0
17	B	139	2	1	0	0.8848
17	B	140	1	1	0	1.8889
17	B	141	2	1	1	1.7208
17	B	142	3	1	1	0.9449
17	B	143	3	1	0	0.8879
17	B	144	3	1	0	0.4535
18	B	1	3	0	0	999.0
18	B	2	2	0	0	999.0
18	B	3	3	1	1	1.1692
18	B	4	2	0	0	999.0
18	B	5	1	1	1	1.1673
18	B	6	3	1	1	0.9915
18	B	7	2	0	0	999.0
18	B	8	1	0	0	999.0
18	B	9	1	0	1	999.0
18	B	10	2	0	0	999.0
18	B	11	2	0	1	999.0
18	B	12	3	0	1	999.0
18	B	13	2	0	0	999.0
18	B	14	1	1	1	1.4827
18	B	15	3	1	1	1.0932
18	B	16	1	0	1	999.0
18	B	17	2	0	0	999.0
18	B	18	2	0	1	999.0
18	B	19	1	1	0	1.0941
18	B	20	3	1	0	1.223
18	B	21	1	0	1	999.0
18	B	22	2	1	1	0.7832
18	B	23	3	1	0	1.154
18	B	24	2	0	1	999.0
18	B	25	1	1	0	0.7103
18	B	26	2	1	1	0.5549
18	B	27	3	1	1	0.7662
18	B	28	1	1	0	1.1553
18	B	29	3	0	0	999.0
18	B	30	3	1	0	0.6395
18	B	31	1	1	0	1.4019
18	B	32	1	1	1	0.6813
18	B	33	2	0	0	999.0
18	B	34	1	1	0	0.7366
18	B	35	3	1	1	0.7263
18	B	36	3	1	0	0.6491
18	B	37	3	1	1	0.6689
18	B	38	1	0	1	999.0
18	B	39	3	1	0	0.5713
18	B	40	2	0	0	999.0
18	B	41	1	1	0	0.7095
18	B	42	1	1	0	0.5572
18	B	43	3	1	1	0.6948
18	B	44	2	1	1	1.6969
18	B	45	1	1	1	1.0568
18	B	46	1	1	0	0.4234
18	B	47	3	1	0	0.8185
18	B	48	1	0	1	999.0
18	B	49	2	0	0	999.0
18	B	50	3	1	0	0.7067
18	B	51	2	0	1	999.0
18	B	52	3	1	0	1.1918
18	B	53	1	1	0	0.9529
18	B	54	3	0	1	999.0
18	B	55	2	0	0	999.0
18	B	56	2	1	1	0.6481
18	B	57	3	1	1	0.7523
18	B	58	2	1	1	1.2144
18	B	59	2	0	0	999.0
18	B	60	1	1	0	0.7824
18	B	61	2	1	1	0.6211
18	B	62	2	0	0	999.0
18	B	63	2	0	0	999.0
18	B	64	3	1	0	0.6235
18	B	65	1	1	1	0.6851
18	B	66	3	1	1	0.7238
18	B	67	3	1	0	0.7361
18	B	68	1	1	1	0.6433
18	B	69	1	1	0	0.5082
18	B	70	3	1	1	0.6116
18	B	71	2	0	1	999.0
18	B	72	1	1	0	0.8944
18	B	73	2	0	0	999.0
18	B	74	3	1	0	0.6953
18	B	75	3	1	0	0.6012
18	B	76	3	1	0	0.5239
18	B	77	2	0	1	999.0
18	B	78	3	1	0	0.7704
18	B	79	1	1	1	1.0315
18	B	80	3	1	0	0.757
18	B	81	3	1	0	0.8405
18	B	82	2	0	0	999.0
18	B	83	2	1	1	0.7372
18	B	84	2	0	0	999.0
18	B	85	1	1	0	0.8672
18	B	86	1	1	0	1.6189
18	B	87	1	1	0	0.9293
18	B	88	2	0	0	999.0
18	B	89	3	1	1	0.9356
18	B	90	3	0	1	999.0
18	B	91	2	0	1	999.0
18	B	92	1	1	1	0.71
18	B	93	3	0	0	999.0
18	B	94	1	1	0	1.0345
18	B	95	1	1	0	0.6335
18	B	96	3	1	0	0.711
18	B	97	1	1	0	0.9347
18	B	98	1	1	0	0.5973
18	B	99	2	0	0	999.0
18	B	100	3	1	0	0.7154
18	B	101	2	0	1	999.0
18	B	102	1	1	0	0.6683
18	B	103	2	1	0	1.944
18	B	104	2	1	1	0.9361
18	B	105	1	1	0	0.6525
18	B	106	2	1	1	0.6726
18	B	107	1	1	0	0.8558
18	B	108	3	1	0	1.1859
18	B	109	3	1	0	0.6123
18	B	110	2	1	1	1.004
18	B	111	1	1	0	0.7683
18	B	112	1	1	0	0.5531
18	B	113	3	1	0	0.66
18	B	114	1	1	0	0.7186
18	B	115	2	0	0	999.0
18	B	116	2	1	0	0.9876
18	B	117	2	1	1	0.8315
18	B	118	2	1	0	0.5647
18	B	119	1	1	0	0.855
18	B	120	2	1	1	1.2666
18	B	121	1	1	0	0.777
18	B	122	3	0	1	999.0
18	B	123	2	1	0	0.6166
18	B	124	1	1	0	1.0413
18	B	125	1	1	0	0.4969
18	B	126	2	1	1	0.7387
18	B	127	1	1	0	0.6458
18	B	128	3	1	0	0.5939
18	B	129	2	1	0	0.7124
18	B	130	2	1	1	0.8418
18	B	131	3	1	0	0.5601
18	B	132	3	1	0	0.6441
18	B	133	1	1	1	0.6567
18	B	134	3	1	0	0.6854
18	B	135	2	1	1	0.7303
18	B	136	3	1	1	0.6408
18	B	137	1	1	0	0.8053
18	B	138	3	1	0	0.57
18	B	139	3	1	0	0.471
18	B	140	2	1	1	1.558
18	B	141	1	1	0	0.7927
18	B	142	3	1	1	0.6481
18	B	143	3	1	0	0.496
18	B	144	1	1	1	0.6567
19	B	1	2	0	1	999.0
19	B	2	2	1	0	1.025
19	B	3	2	1	1	0.771
19	B	4	2	1	1	0.705
19	B	5	2	0	0	999.0
19	B	6	1	1	0	1.019
19	B	7	3	0	1	999.0
19	B	8	1	1	0	0.719
19	B	9	3	1	0	1.305
19	B	10	3	1	0	0.771
19	B	11	1	1	0	0.871
19	B	12	1	1	0	0.638
19	B	13	1	1	1	0.653
19	B	14	1	1	1	0.702
19	B	15	2	1	1	1.104
19	B	16	3	1	1	1.441
19	B	17	2	0	0	999.0
19	B	18	3	1	0	1.019
19	B	19	1	1	0	0.954
19	B	20	2	1	1	0.785
19	B	21	1	0	1	999.0
19	B	22	3	1	0	0.701
19	B	23	3	1	1	0.62
19	B	24	1	1	0	1.12
19	B	25	2	1	1	0.937
19	B	26	2	0	1	999.0
19	B	27	2	0	0	999.0
19	B	28	1	1	1	0.601
19	B	29	1	1	0	1.239
19	B	30	3	1	1	0.835
19	B	31	3	1	0	1.223
19	B	32	3	1	1	0.77
19	B	33	3	0	0	999.0
19	B	34	3	0	1	999.0
19	B	35	2	1	1	1.004
19	B	36	1	1	1	0.851
19	B	37	2	1	1	1.403
19	B	38	3	1	1	1.555
19	B	39	1	1	1	1.139
19	B	40	1	1	0	0.804
19	B	41	3	1	0	0.856
19	B	42	1	0	1	999.0
19	B	43	2	0	1	999.0
19	B	44	1	1	0	0.852
19	B	45	1	1	1	0.988
19	B	46	2	1	1	1.121
19	B	47	3	0	0	999.0
19	B	48	2	0	0	999.0
19	B	49	3	0	0	999.0
19	B	50	3	1	0	0.939
19	B	51	1	1	0	0.985
19	B	52	2	0	0	999.0
19	B	53	3	1	0	0.853
19	B	54	1	1	0	0.702
19	B	55	2	1	1	0.65
19	B	56	2	1	0	0.904
19	B	57	1	0	1	999.0
19	B	58	2	1	1	1.238
19	B	59	3	1	0	0.936
19	B	60	1	1	0	0.968
19	B	61	3	0	1	999.0
19	B	62	3	1	1	0.871
19	B	63	2	1	1	1.44
19	B	64	2	0	0	999.0
19	B	65	3	0	1	999.0
19	B	66	3	1	1	1.021
19	B	67	3	1	1	1.859
19	B	68	1	1	0	1.09
19	B	69	2	1	1	1.939
19	B	70	1	0	1	999.0
19	B	71	1	1	1	0.886
19	B	72	2	1	1	0.667
19	B	73	3	1	0	1.906
19	B	74	3	0	1	999.0
19	B	75	2	1	0	1.137
19	B	76	3	1	0	1.02
19	B	77	2	1	1	1.002
19	B	78	2	1	1	0.805
19	B	79	3	1	0	1.186
19	B	80	2	0	1	999.0
19	B	81	1	1	0	0.92
19	B	82	2	0	0	999.0
19	B	83	2	0	0	999.0
19	B	84	3	1	0	0.919
19	B	85	3	1	0	0.905
19	B	86	1	1	0	1.002
19	B	87	1	1	1	0.871
19	B	88	2	0	0	999.0
19	B	89	3	1	1	0.848
19	B	90	2	0	0	999.0
19	B	91	3	1	0	0.953
19	B	92	1	1	1	0.903
19	B	93	1	0	1	999.0
19	B	94	1	1	0	0.671
19	B	95	3	1	1	0.736
19	B	96	1	1	0	1.037
19	B	97	2	0	0	999.0
19	B	98	1	1	0	1.042
19	B	99	1	0	1	999.0
19	B	100	2	0	0	999.0
19	B	101	1	1	0	0.953
19	B	102	1	1	0	0.922
19	B	103	2	0	0	999.0
19	B	104	1	1	0	0.933
19	B	105	3	1	0	1.105
19	B	106	3	1	0	0.771
19	B	107	3	1	0	0.834
19	B	108	2	0	0	999.0
19	B	109	1	1	0	1.455
19	B	110	3	1	0	1.238
19	B	111	2	1	1	1.038
19	B	112	2	0	1	999.0
19	B	113	3	1	0	1.203
19	B	114	2	1	1	1.522
19	B	115	1	1	0	0.769
19	B	116	3	1	0	0.803
19	B	117	3	1	0	0.939
19	B	118	3	1	0	0.62
19	B	119	2	0	0	999.0
19	B	120	2	0	0	999.0
19	B	121	2	0	0	999.0
19	B	122	2	0	0	999.0
19	B	123	3	1	0	0.969
19	B	124	1	1	0	1.338
19	B	125	2	0	0	999.0
19	B	126	3	1	0	0.651
19	B	127	1	1	1	0.869
19	B	128	3	1	0	0.819
19	B	129	1	1	0	1.018
19	B	130	1	1	0	1.139
19	B	131	1	1	0	1.307
19	B	132	1	1	0	1.433
19	B	133	1	1	0	0.854
19	B	134	2	0	1	999.0
19	B	135	2	0	0	999.0
19	B	136	2	1	1	1.356
19	B	137	3	1	0	1.404
19	B	138	3	1	1	0.654
19	B	139	1	0	1	999.0
19	B	140	3	1	0	1.067
19	B	141	2	0	0	999.0
19	B	142	3	1	1	0.853
19	B	143	1	1	0	0.953
19	B	144	1	1	0	1.123
20	B	1	3	1	0	1.8089
20	B	2	2	0	0	999.0
20	B	3	3	1	1	0.763
20	B	4	1	1	1	1.0988
20	B	5	2	1	1	0.8149
20	B	6	3	1	1	0.6996
20	B	7	2	1	0	0.7465
20	B	8	1	0	1	999.0
20	B	9	3	1	1	0.5512
20	B	10	2	1	1	0.7483
20	B	11	2	1	1	0.4149
20	B	12	3	1	0	1.5146
20	B	13	2	1	1	1.7125
20	B	14	2	1	1	0.7841
20	B	15	2	0	0	999.0
20	B	16	1	0	1	999.0
20	B	17	2	0	0	999.0
20	B	18	3	0	1	999.0
20	B	19	2	1	1	0.5642
20	B	20	1	1	0	0.4457
20	B	21	1	1	0	0.4811
20	B	22	3	1	0	0.6023
20	B	23	1	0	0	999.0
20	B	24	3	1	0	0.828
20	B	25	3	1	1	0.5327
20	B	26	3	1	0	0.4204
20	B	27	1	1	1	0.7953
20	B	28	3	1	0	0.444
20	B	29	1	0	1	999.0
20	B	30	3	1	1	0.382
20	B	31	2	1	1	0.4429
20	B	32	2	1	1	0.3824
20	B	33	1	1	1	0.5332
20	B	34	1	1	0	0.4819
20	B	35	1	0	1	999.0
20	B	36	1	0	1	999.0
20	B	37	2	1	1	0.597
20	B	38	2	1	1	0.4967
20	B	39	3	1	1	0.9022
20	B	40	3	0	1	999.0
20	B	41	3	1	0	0.7997
20	B	42	1	0	1	999.0
20	B	43	3	0	1	999.0
20	B	44	1	1	1	0.664
20	B	45	1	1	0	0.7812
20	B	46	3	0	0	999.0
20	B	47	1	1	0	1.1787
20	B	48	1	1	0	1.3497
20	B	49	2	1	1	0.7473
20	B	50	2	0	0	999.0
20	B	51	2	0	0	999.0
20	B	52	1	1	0	0.7628
20	B	53	3	1	0	0.6982
20	B	54	2	0	0	999.0
20	B	55	1	1	0	0.5803
20	B	56	3	1	0	1.3618
20	B	57	3	1	1	0.9842
20	B	58	3	0	1	999.0
20	B	59	1	1	0	0.5521
20	B	60	2	1	0	0.5147
20	B	61	3	0	1	999.0
20	B	62	2	1	1	0.4877
20	B	63	1	1	1	0.4621
20	B	64	2	1	1	0.4143
20	B	65	3	0	1	999.0
20	B	66	3	1	0	0.935
20	B	67	1	1	0	0.0831
20	B	68	2	1	1	0.415
20	B	69	1	1	0	0.4614
20	B	70	2	0	0	999.0
20	B	71	2	1	1	0.3868
20	B	72	1	1	1	0.3672
20	B	73	1	1	0	0.4478
20	B	74	1	1	0	0.4688
20	B	75	1	1	0	0.7492
20	B	76	3	1	0	1.3125
20	B	77	2	1	1	0.8129
20	B	78	3	1	0	0.6315
20	B	79	3	0	0	999.0
20	B	80	1	1	0	0.5148
20	B	81	3	1	0	0.6486
20	B	82	1	1	0	0.7612
20	B	83	3	1	0	0.563
20	B	84	1	1	0	0.8128
20	B	85	1	1	1	0.5762
20	B	86	3	1	1	0.4136
20	B	87	1	1	1	0.5305
20	B	88	3	0	1	999.0
20	B	89	2	1	1	0.4321
20	B	90	3	1	1	0.5779
20	B	91	1	1	0	1.7721
20	B	92	2	0	0	999.0
20	B	93	2	0	0	999.0
20	B	94	2	0	0	999.0
20	B	95	2	1	1	0.6499
20	B	96	3	1	0	0.5332
20	B	97	2	1	1	0.8299
20	B	98	2	0	1	999.0
20	B	99	1	1	0	0.5805
20	B	100	3	0	1	999.0
20	B	101	3	1	0	0.5488
20	B	102	1	1	0	0.8324
20	B	103	2	1	1	0.7637
20	B	104	2	1	1	0.6813
20	B	105	3	0	1	999.0
20	B	106	2	1	1	0.3626
20	B	107	2	1	0	0.7804
20	B	108	1	1	0	0.5589
20	B	109	3	1	0	0.6123
20	B	110	1	1	0	0.4144
20	B	111	2	1	0	0.4797
20	B	112	2	1	1	0.9447
20	B	113	2	1	1	0.5779
20	B	114	2	1	1	0.6156
20	B	115	2	1	0	0.9292
20	B	116	3	1	0	0.5811
20	B	117	2	1	1	0.7779
20	B	118	3	0	0	999.0
20	B	119	3	0	1	999.0
20	B	120	2	1	1	0.6798
20	B	121	1	1	0	0.3977
20	B	122	1	1	1	0.4028
20	B	123	3	1	0	0.4352
20	B	124	3	1	0	0.4329
20	B	125	2	0	1	999.0
20	B	126	1	1	0	0.5121
20	B	127	1	1	1	0.287
20	B	128	3	0	0	999.0
20	B	129	1	0	1	999.0
20	B	130	2	1	1	1.198
20	B	131	3	1	0	0.6808
20	B	132	1	0	1	999.0
20	B	133	1	1	0	1.6135
20	B	134	1	1	0	0.3517
20	B	135	3	1	1	0.5301
20	B	136	1	1	0	0.8356
20	B	137	2	0	0	999.0
20	B	138	3	1	0	0.8452
20	B	139	3	0	0	999.0
20	B	140	1	1	0	0.7931
20	B	141	1	1	0	0.5999
20	B	142	2	1	0	0.5463
20	B	143	3	1	1	0.4017
20	B	144	2	1	0	0.5319
21	B	1	1	1	0	1.66
21	B	2	3	1	1	0.803
21	B	3	1	1	0	0.483
21	B	4	2	1	1	0.845
21	B	5	3	1	0	0.566
21	B	6	1	1	1	0.396
21	B	7	3	1	1	0.526
21	B	8	2	1	1	1.028
21	B	9	3	1	1	0.442
21	B	10	2	1	1	0.691
21	B	11	3	0	0	999.0
21	B	12	2	0	1	999.0
21	B	13	1	1	0	0.499
21	B	14	3	0	1	999.0
21	B	15	1	1	1	0.724
21	B	16	2	0	0	999.0
21	B	17	2	0	1	999.0
21	B	18	2	0	0	999.0
21	B	19	3	0	1	999.0
21	B	20	1	1	1	0.523
21	B	21	2	0	1	999.0
21	B	22	1	1	0	0.491
21	B	23	3	1	0	0.442
21	B	24	3	1	0	0.928
21	B	25	3	1	1	0.637
21	B	26	3	1	0	0.454
21	B	27	1	1	0	0.397
21	B	28	1	1	1	0.372
21	B	29	2	0	0	999.0
21	B	30	3	1	0	0.774
21	B	31	2	0	0	999.0
21	B	32	1	1	0	0.516
21	B	33	2	0	0	999.0
21	B	34	1	1	0	0.58
21	B	35	2	0	0	999.0
21	B	36	1	1	0	0.698
21	B	37	1	1	0	0.494
21	B	38	1	1	0	0.543
21	B	39	3	1	0	0.562
21	B	40	3	1	1	0.463
21	B	41	2	0	0	999.0
21	B	42	3	1	1	0.599
21	B	43	2	0	1	999.0
21	B	44	1	1	0	0.595
21	B	45	1	1	0	0.67
21	B	46	2	0	0	999.0
21	B	47	1	1	1	0.432
21	B	48	2	0	0	999.0
21	B	49	1	1	0	0.43
21	B	50	2	0	1	999.0
21	B	51	2	0	0	999.0
21	B	52	3	1	0	0.786
21	B	53	3	1	1	0.58
21	B	54	1	1	1	0.731
21	B	55	3	1	1	0.653
21	B	56	1	1	0	0.481
21	B	57	3	1	0	0.355
21	B	58	2	0	0	999.0
21	B	59	2	0	0	999.0
21	B	60	3	1	0	0.518
21	B	61	1	1	0	0.758
21	B	62	1	1	1	0.461
21	B	63	2	0	0	999.0
21	B	64	3	1	1	0.484
21	B	65	2	0	0	999.0
21	B	66	2	0	0	999.0
21	B	67	3	1	1	0.856
21	B	68	2	0	1	999.0
21	B	69	3	1	0	0.435
21	B	70	1	1	1	0.758
21	B	71	3	1	0	0.943
21	B	72	1	1	0	0.526
21	B	73	1	1	0	0.67
21	B	74	2	1	1	0.427
21	B	75	1	1	0	0.461
21	B	76	1	1	0	0.42
21	B	77	1	1	1	0.38
21	B	78	3	1	0	0.594
21	B	79	3	1	0	0.376
21	B	80	3	1	1	0.381
21	B	81	2	0	0	999.0
21	B	82	3	1	0	0.944
21	B	83	2	0	0	999.0
21	B	84	1	1	0	0.51
21	B	85	3	1	1	0.467
21	B	86	1	1	0	0.735
21	B	87	3	1	0	0.435
21	B	88	1	1	0	0.395
21	B	89	1	1	0	0.381
21	B	90	2	1	0	1.05
21	B	91	3	1	0	0.447
21	B	92	3	1	0	0.419
21	B	93	2	0	0	999.0
21	B	94	1	1	0	0.528
21	B	95	2	0	1	999.0
21	B	96	3	1	0	0.485
21	B	97	2	0	1	999.0
21	B	98	2	0	0	999.0
21	B	99	3	1	0	0.704
21	B	100	2	0	1	999.0
21	B	101	1	1	1	0.578
21	B	102	2	0	0	999.0
21	B	103	2	0	0	999.0
21	B	104	2	0	0	999.0
21	B	105	1	1	0	0.477
21	B	106	3	1	0	0.734
21	B	107	1	1	0	0.485
21	B	108	3	1	0	0.478
21	B	109	1	1	0	0.444
21	B	110	3	1	0	0.564
21	B	111	3	1	0	0.554
21	B	112	3	1	0	0.749
21	B	113	2	0	0	999.0
21	B	114	1	1	1	0.572
21	B	115	1	1	0	0.375
21	B	116	3	1	0	0.86
21	B	117	2	0	0	999.0
21	B	118	2	0	1	999.0
21	B	119	2	1	1	0.338
21	B	120	2	1	1	0.461
21	B	121	3	1	1	0.565
21	B	122	1	1	0	0.364
21	B	123	2	1	0	0.359
21	B	124	1	1	0	0.443
21	B	125	3	1	0	0.604
21	B	126	2	0	1	999.0
21	B	127	3	1	0	0.521
21	B	128	1	1	1	0.527
21	B	129	3	1	0	0.438
21	B	130	1	1	0	0.488
21	B	131	2	0	0	999.0
21	B	132	1	1	0	0.486
21	B	133	1	1	0	0.71
21	B	134	3	1	1	1.714
21	B	135	1	1	0	0.947
21	B	136	1	1	0	0.548
21	B	137	2	0	0	999.0
21	B	138	3	1	0	1.062
21	B	139	3	1	0	0.961
21	B	140	2	0	0	999.0
21	B	141	3	1	0	1.113
21	B	142	2	0	0	999.0
21	B	143	2	0	1	999.0
21	B	144	1	1	0	0.629
