subjID	trial	choice	gain	loss
0	0	2	0	0
0	1	3	0	-1
0	2	1	0	0
0	3	1	1	-1
0	4	1	1	-1
0	5	2	0	0
0	6	1	1	0
0	7	1	1	0
0	8	1	0	0
0	9	2	0	0
0	10	3	0	0
0	11	3	0	0
0	12	3	0	0
0	13	2	0	0
0	14	2	0	0
0	15	1	0	0
0	16	2	0	0
0	17	1	0	0
0	18	1	0	0
0	19	2	1	0
0	20	2	0	0
0	21	3	0	0
0	22	3	0	0
0	23	3	1	0
0	24	3	0	0
0	25	3	0	-1
0	26	1	0	0
0	27	2	0	0
0	28	2	0	-1
0	29	1	0	0
0	30	1	0	-1
0	31	1	1	0
0	32	1	1	0
0	33	3	0	0
0	34	2	1	0
0	35	2	1	0
0	36	1	0	0
0	37	1	0	0
0	38	2	1	0
0	39	2	0	0
0	40	1	1	0
0	41	1	1	0
0	42	1	0	-1
0	43	3	0	0
0	44	2	0	0
0	45	2	0	-1
0	46	3	0	0
0	47	3	0	0
0	48	3	0	0
0	49	3	1	0
0	50	3	0	0
0	51	3	0	0
0	52	2	0	-1
0	53	3	0	-1
0	54	3	0	0
0	55	3	1	0
0	56	2	0	-1
0	57	3	1	0
0	58	3	1	0
0	59	3	0	-1
0	60	3	0	0
0	61	3	1	-1
0	62	1	0	0
0	63	3	1	0
0	64	3	1	0
0	65	3	1	0
0	66	3	1	0
0	67	3	0	0
0	68	1	0	0
0	69	3	1	0
0	70	3	0	0
0	71	3	0	0
0	72	3	1	0
0	73	3	0	0
0	74	3	0	0
0	75	3	0	0
0	76	3	0	0
0	77	3	0	0
0	78	3	0	0
0	79	3	0	-1
0	80	1	1	0
0	81	3	0	0
0	82	1	0	0
0	83	3	0	0
0	84	3	0	0
0	85	3	0	0
0	86	3	0	0
0	87	3	0	0
0	88	3	0	0
0	89	3	0	0
0	90	3	1	0
0	91	3	0	0
0	92	3	0	0
0	93	3	0	0
0	94	3	0	0
0	95	2	0	0
0	96	3	0	0
0	97	3	0	0
0	98	3	0	0
0	99	3	0	0
0	100	3	0	0
0	101	3	0	0
0	102	3	0	0
0	103	3	0	0
0	104	3	0	0
0	105	3	0	0
0	106	3	0	0
0	107	3	0	0
0	108	3	0	0
0	109	3	1	0
0	110	3	1	0
0	111	3	0	0
0	112	3	0	-1
0	113	1	1	0
0	114	1	0	0
0	115	1	1	0
0	116	1	1	0
0	117	1	1	0
0	118	3	0	-1
0	119	1	0	0
0	120	1	0	0
0	121	1	0	0
0	122	1	0	-1
0	123	1	0	0
0	124	3	0	0
0	125	1	0	0
0	126	1	0	0
0	127	3	0	0
0	128	3	1	0
0	129	3	0	0
0	130	3	1	0
0	131	3	0	-1
0	132	1	0	0
0	133	1	0	-1
0	134	1	0	-1
0	135	1	1	0
0	136	1	0	0
0	137	1	0	0
0	138	1	0	0
0	139	1	0	-1
0	140	1	0	0
0	141	1	1	0
0	142	1	0	-1
0	143	1	0	0
0	144	1	0	-1
0	145	1	1	-1
0	146	1	0	0
0	147	1	1	-1
0	148	1	0	0
0	149	1	0	0
0	150	1	1	0
0	151	1	1	0
0	152	3	0	0
0	153	1	1	0
0	154	1	0	0
0	155	1	0	0
0	156	1	0	0
0	157	3	0	0
0	158	1	0	0
0	159	1	0	0
1	0	2	1	0
1	1	2	0	0
1	2	3	1	-1
1	3	3	0	0
1	4	1	0	0
1	5	1	1	0
1	6	1	0	0
1	7	1	0	0
1	8	1	0	0
1	9	1	0	-1
1	10	3	0	-1
1	11	3	0	0
1	12	3	0	0
1	13	3	1	0
1	14	3	0	0
1	15	3	0	0
1	16	1	0	0
1	17	3	0	0
1	18	1	0	-1
1	19	3	1	0
1	20	3	0	-1
1	21	1	0	0
1	22	1	0	0
1	23	1	0	0
1	24	1	0	0
1	25	1	0	-1
1	26	1	0	0
1	27	1	1	0
1	28	1	0	0
1	29	1	0	0
1	30	1	0	0
1	31	1	1	0
1	32	1	0	0
1	33	1	0	0
1	34	1	0	0
1	35	1	0	0
1	36	1	0	0
1	37	1	0	0
1	38	1	1	0
1	39	1	0	-1
1	40	1	1	0
1	41	1	0	-1
1	42	1	0	0
1	43	1	0	0
1	44	1	0	0
1	45	1	0	-1
1	46	1	0	0
1	47	1	1	0
1	48	1	0	0
1	49	1	0	0
1	50	1	0	0
1	51	1	0	0
1	52	1	0	0
1	53	1	0	0
1	54	1	0	-1
1	55	1	0	0
1	56	1	0	0
1	57	1	0	0
1	58	1	0	-1
1	59	1	1	0
1	60	1	0	0
1	61	1	0	-1
1	62	1	0	-1
1	63	1	0	0
1	64	1	0	0
1	65	1	0	0
1	66	1	0	0
1	67	1	0	0
1	68	1	0	0
1	69	1	0	0
1	70	1	0	-1
1	71	1	0	0
1	72	1	0	0
1	73	1	0	0
1	74	1	0	-1
1	75	1	0	0
1	76	1	0	0
1	77	1	0	-1
1	78	1	0	-1
1	79	1	0	-1
1	80	1	0	-1
1	81	1	0	0
1	82	2	0	0
1	83	1	1	0
1	84	2	1	0
1	85	1	1	0
1	86	1	1	0
1	87	1	1	0
1	88	1	1	0
1	89	1	0	0
1	90	1	1	0
1	91	1	0	0
1	92	1	0	0
1	93	1	1	0
1	94	1	0	0
1	95	1	0	0
1	96	1	0	0
1	97	3	0	-1
1	98	3	0	0
1	99	1	0	-1
1	100	1	0	0
1	101	1	0	-1
1	102	1	1	0
1	103	1	1	0
1	104	1	1	0
1	105	1	0	0
1	106	1	0	0
1	107	1	1	0
1	108	1	0	0
1	109	1	1	0
1	110	1	0	0
1	111	1	0	0
1	112	1	0	0
1	113	1	0	0
1	114	1	0	0
1	115	1	0	0
1	116	1	0	0
1	117	1	0	0
1	118	1	0	0
1	119	1	0	0
1	120	1	0	0
1	121	1	0	-1
1	122	2	0	0
1	123	2	0	0
1	124	1	0	-1
1	125	1	0	-1
1	126	1	1	0
1	127	1	0	0
1	128	1	0	0
1	129	1	0	-1
1	130	1	0	-1
1	131	1	0	0
1	132	1	0	-1
1	133	1	0	0
1	134	1	0	-1
1	135	1	0	-1
1	136	1	0	0
1	137	1	0	-1
1	138	1	0	-1
1	139	1	0	0
1	140	1	0	0
1	141	3	1	0
1	142	3	0	0
1	143	1	0	0
1	144	1	0	0
1	145	1	1	0
1	146	1	0	0
1	147	1	0	0
1	148	1	1	0
1	149	1	0	0
1	150	1	0	0
1	151	1	0	0
1	152	1	0	0
1	153	1	0	0
1	154	1	0	0
1	155	1	0	0
1	156	1	0	-1
1	157	1	0	0
1	158	1	0	0
1	159	1	0	0
2	0	2	0	0
2	1	3	0	0
2	2	1	0	0
2	3	3	0	0
2	4	3	0	0
2	5	2	0	0
2	6	3	1	0
2	7	3	0	0
2	8	2	1	0
2	9	2	0	0
2	10	1	1	0
2	11	1	0	0
2	12	1	0	0
2	13	1	0	0
2	14	1	0	0
2	15	1	0	0
2	16	1	0	0
2	17	1	0	-1
2	18	2	0	-1
2	19	3	1	-1
2	20	2	0	0
2	21	3	1	0
2	22	3	0	0
2	23	3	0	0
2	24	2	1	-1
2	25	2	1	0
2	26	2	0	0
2	27	3	0	0
2	28	3	0	0
2	29	3	0	0
2	30	3	0	0
2	31	3	0	0
2	32	3	0	-1
2	33	2	0	0
2	34	2	1	0
2	35	2	1	0
2	36	2	1	0
2	37	2	1	0
2	38	2	1	0
2	39	2	0	0
2	40	2	1	0
2	41	2	0	0
2	42	2	1	-1
2	43	2	0	-1
2	44	1	0	-1
2	45	2	1	0
2	46	2	1	0
2	47	2	0	0
2	48	2	0	0
2	49	2	0	0
2	50	2	0	-1
2	51	2	0	-1
2	52	2	0	-1
2	53	2	0	0
2	54	2	0	-1
2	55	2	1	-1
2	56	2	0	0
2	57	2	0	-1
2	58	2	0	-1
2	59	2	0	0
2	60	2	1	-1
2	61	2	0	0
2	62	2	0	0
2	63	2	0	0
2	64	2	0	0
2	65	2	0	0
2	66	2	0	0
2	67	2	0	0
2	68	2	0	0
2	69	2	0	-1
2	70	2	0	0
2	71	2	0	0
2	72	2	0	0
2	73	2	1	0
2	74	2	0	-1
2	75	2	0	0
2	76	2	0	0
2	77	2	0	0
2	78	2	0	0
2	79	3	0	-1
2	80	2	0	0
2	81	2	0	0
2	82	2	1	-1
2	83	2	0	0
2	84	2	0	0
2	85	2	0	0
2	86	1	1	0
2	87	2	0	0
2	88	2	0	0
2	89	2	0	0
2	90	2	0	0
2	91	2	0	0
2	92	2	0	0
2	93	2	0	0
2	94	2	0	0
2	95	2	0	0
2	96	2	0	0
2	97	2	0	0
2	98	2	0	0
2	99	2	0	0
2	100	2	1	0
2	101	2	0	0
2	102	2	0	0
2	103	2	0	0
2	104	2	0	0
2	105	2	0	0
2	106	2	0	-1
2	107	2	0	0
2	108	2	0	0
2	109	2	0	0
2	110	2	0	0
2	111	2	0	0
2	112	2	0	0
2	113	2	0	0
2	114	2	0	0
2	115	2	0	0
2	116	2	0	0
2	117	2	0	0
2	118	2	0	-1
2	119	2	0	0
2	120	2	0	0
2	121	2	0	0
2	122	2	0	0
2	123	2	0	0
2	124	2	0	0
2	125	2	0	-1
2	126	2	0	0
2	127	2	0	0
2	128	2	0	-1
2	129	2	0	-1
2	130	2	1	0
2	131	2	1	-1
2	132	2	0	-1
2	133	3	1	0
2	134	2	0	0
2	135	3	0	-1
2	136	2	0	0
2	137	2	0	-1
2	138	2	0	0
2	139	2	0	-1
2	140	2	0	-1
2	141	2	0	-1
2	142	3	0	-1
2	143	3	0	0
2	144	3	0	0
2	145	3	0	0
2	146	3	0	0
2	147	3	0	-1
2	148	3	1	-1
2	149	3	0	0
2	150	1	0	0
2	151	3	0	-1
2	152	3	0	0
2	153	3	0	0
2	154	3	0	0
2	155	3	0	0
2	156	3	1	0
2	157	3	1	-1
2	158	3	1	0
2	159	3	0	0
