subjID	trial	choice	gain	loss
0	0	2	0	0
0	1	3	0	-1
0	2	1	0	0
0	3	1	1	-1
0	4	2	0	0
0	5	3	0	0
0	6	1	1	0
0	7	1	1	0
0	8	1	0	0
0	9	1	0	0
0	10	3	0	0
0	11	2	0	0
0	12	3	0	0
0	13	1	0	0
0	14	1	0	0
0	15	1	0	0
0	16	2	0	0
0	17	2	0	0
0	18	1	0	0
0	19	2	1	0
0	20	2	0	0
0	21	2	0	0
0	22	3	0	0
0	23	2	1	0
0	24	2	0	0
0	25	2	0	-1
0	26	3	0	0
0	27	3	0	0
0	28	2	0	-1
0	29	3	0	0
0	30	1	0	-1
0	31	2	1	0
0	32	1	1	0
0	33	3	0	0
0	34	3	1	0
0	35	3	1	-1
0	36	2	0	0
0	37	1	0	0
0	38	3	0	0
0	39	3	0	0
0	40	3	1	0
0	41	1	1	0
0	42	3	0	0
0	43	3	0	0
0	44	1	0	0
0	45	1	0	0
0	46	2	0	0
0	47	3	0	0
0	48	1	0	0
0	49	2	1	-1
0	50	1	0	0
0	51	3	0	0
0	52	1	0	0
0	53	2	0	-1
0	54	3	0	0
0	55	3	1	0
0	56	1	0	0
0	57	2	0	0
0	58	2	1	0
0	59	2	0	-1
0	60	1	0	0
0	61	3	1	-1
0	62	1	0	0
0	63	3	1	0
0	64	3	1	0
0	65	3	1	0
0	66	3	1	0
0	67	3	0	0
0	68	3	0	0
0	69	3	1	0
0	70	3	0	0
0	71	3	0	0
0	72	3	1	0
0	73	3	0	0
0	74	3	0	0
0	75	3	0	0
0	76	3	0	0
0	77	3	0	0
0	78	3	0	0
0	79	2	0	-1
0	80	1	1	0
0	81	3	0	0
0	82	1	0	0
0	83	1	1	-1
0	84	3	0	0
0	85	1	0	0
0	86	1	0	0
0	87	1	0	0
0	88	3	0	0
0	89	1	0	0
0	90	3	1	0
0	91	3	0	0
0	92	3	0	0
0	93	3	0	0
0	94	3	0	0
0	95	1	0	0
0	96	3	0	0
0	97	3	0	0
0	98	1	0	0
0	99	1	0	0
0	100	3	0	0
0	101	1	0	0
0	102	3	0	0
0	103	3	0	0
0	104	1	0	0
0	105	2	0	0
0	106	2	0	0
0	107	3	0	0
0	108	3	0	0
0	109	3	1	0
0	110	3	1	0
0	111	3	0	0
0	112	3	0	-1
0	113	1	1	0
0	114	1	0	0
0	115	1	1	0
0	116	1	1	0
0	117	1	1	0
0	118	1	0	-1
0	119	2	0	0
0	120	1	0	0
0	121	2	0	0
0	122	3	0	-1
0	123	1	0	0
0	124	3	0	0
0	125	1	0	0
0	126	1	0	0
0	127	3	0	0
0	128	2	0	0
0	129	3	0	0
0	130	3	1	0
0	131	3	0	-1
0	132	1	0	0
0	133	2	0	0
0	134	3	1	0
0	135	3	1	0
0	136	3	1	0
0	137	3	0	0
0	138	3	0	0
0	139	3	0	0
0	140	3	0	0
0	141	3	0	0
0	142	3	0	0
0	143	1	0	0
0	144	2	0	-1
0	145	3	0	-1
0	146	1	0	0
0	147	2	1	-1
0	148	3	0	-1
0	149	1	0	0
0	150	1	1	0
0	151	1	1	0
0	152	2	0	0
0	153	1	1	0
0	154	1	0	0
0	155	1	0	0
0	156	1	0	0
0	157	2	0	0
0	158	1	0	0
0	159	1	0	0
0	160	2	1	0
0	161	2	0	-1
0	162	3	1	-1
0	163	1	0	0
0	164	1	0	0
0	165	2	1	0
0	166	2	0	0
0	167	2	0	0
0	168	2	0	0
0	169	1	0	-1
0	170	3	0	-1
0	171	2	0	0
0	172	1	0	0
0	173	2	1	0
0	174	3	1	-1
0	175	2	0	0
0	176	1	0	0
0	177	3	0	0
0	178	1	0	-1
0	179	2	1	0
0	180	2	0	-1
0	181	3	0	0
0	182	2	0	-1
0	183	1	0	0
0	184	3	0	0
0	185	3	0	-1
0	186	2	0	0
0	187	2	0	-1
0	188	2	0	0
0	189	2	0	0
0	190	3	0	0
0	191	1	1	0
0	192	1	0	0
0	193	2	0	-1
0	194	1	0	0
0	195	1	0	0
0	196	1	0	-1
0	197	3	0	0
0	198	2	1	0
0	199	2	0	0
1	0	2	1	0
1	1	2	0	-1
1	2	1	0	0
1	3	2	0	0
1	4	1	1	0
1	5	1	1	0
1	6	1	1	0
1	7	1	1	0
1	8	1	0	0
1	9	1	0	0
1	10	1	1	0
1	11	1	0	0
1	12	1	0	0
1	13	1	0	0
1	14	2	0	-1
1	15	1	0	0
1	16	3	0	0
1	17	3	0	0
1	18	1	0	0
1	19	1	0	0
1	20	3	0	0
1	21	3	0	-1
1	22	1	0	-1
1	23	3	0	0
1	24	2	1	0
1	25	2	1	0
1	26	2	1	0
1	27	2	1	0
1	28	2	0	0
1	29	2	0	0
1	30	2	0	0
1	31	2	0	0
1	32	2	0	0
1	33	2	0	0
1	34	2	1	0
1	35	2	1	0
1	36	2	0	0
1	37	2	1	0
1	38	2	0	0
1	39	2	1	-1
1	40	2	0	-1
1	41	1	0	0
1	42	3	0	0
1	43	1	1	0
1	44	1	1	0
1	45	1	1	0
1	46	1	0	0
1	47	1	1	-1
1	48	1	0	0
1	49	1	0	0
1	50	1	1	0
1	51	1	0	0
1	52	1	0	0
1	53	1	0	0
1	54	2	0	-1
1	55	1	0	0
1	56	1	0	0
1	57	3	0	-1
1	58	1	0	-1
1	59	2	0	-1
1	60	3	0	0
1	61	3	0	0
1	62	1	0	0
1	63	3	1	0
1	64	3	1	0
1	65	3	0	0
1	66	3	0	0
1	67	3	1	0
1	68	3	0	0
1	69	3	1	0
1	70	3	0	0
1	71	3	0	0
1	72	3	0	0
1	73	3	0	0
1	74	1	0	0
1	75	3	0	0
1	76	2	0	0
1	77	2	0	0
1	78	3	0	0
1	79	1	0	0
1	80	3	0	0
1	81	1	0	-1
1	82	3	0	0
1	83	3	0	0
1	84	2	0	0
1	85	3	0	0
1	86	1	1	0
1	87	1	0	0
1	88	1	0	0
1	89	1	1	0
1	90	1	0	0
1	91	1	1	0
1	92	1	0	0
1	93	1	0	0
1	94	1	0	-1
1	95	2	0	0
1	96	3	0	0
1	97	3	0	-1
1	98	2	0	-1
1	99	1	0	0
1	100	1	0	0
1	101	3	0	0
1	102	3	0	0
1	103	2	0	0
1	104	1	1	0
1	105	1	1	0
1	106	1	0	0
1	107	1	0	0
1	108	1	1	0
1	109	1	0	0
1	110	1	0	0
1	111	2	0	0
1	112	1	0	0
1	113	1	0	0
1	114	1	0	0
1	115	1	0	0
1	116	1	0	-1
1	117	3	0	-1
1	118	1	0	0
1	119	2	1	0
1	120	2	0	0
1	121	2	0	0
1	122	2	0	0
1	123	2	0	0
1	124	3	0	0
1	125	2	0	0
1	126	3	1	0
1	127	3	0	0
1	128	3	1	0
1	129	3	0	0
1	130	3	1	0
1	131	3	0	0
1	132	1	0	0
1	133	3	1	0
1	134	3	1	0
1	135	3	0	0
1	136	2	0	0
1	137	3	0	-1
1	138	1	0	-1
1	139	3	1	-1
1	140	1	0	0
1	141	2	0	0
1	142	3	0	0
1	143	3	0	0
1	144	2	1	-1
1	145	3	1	0
1	146	3	0	0
1	147	3	0	0
1	148	3	0	0
1	149	3	0	0
1	150	3	0	0
1	151	3	0	0
1	152	1	0	0
1	153	2	0	-1
1	154	1	0	0
1	155	2	0	0
1	156	3	0	0
1	157	3	0	0
1	158	1	0	0
1	159	1	0	0
1	160	2	1	0
1	161	2	0	0
1	162	1	0	0
1	163	2	0	0
1	164	1	0	-1
1	165	2	1	0
1	166	2	1	0
1	167	2	1	0
1	168	2	1	0
1	169	2	1	0
1	170	2	0	-1
1	171	2	0	-1
1	172	2	0	0
1	173	1	0	0
1	174	2	0	0
1	175	1	1	0
1	176	2	0	0
1	177	1	0	0
1	178	1	0	0
1	179	2	0	0
1	180	3	1	-1
1	181	1	0	0
1	182	1	0	0
1	183	3	0	0
1	184	1	0	0
1	185	3	0	0
1	186	2	0	0
1	187	2	0	0
1	188	3	1	0
1	189	3	0	-1
1	190	2	0	0
1	191	2	1	0
1	192	2	1	0
1	193	2	1	0
1	194	2	0	-1
1	195	3	0	0
1	196	2	1	-1
1	197	3	1	0
1	198	2	0	0
1	199	3	0	-1
2	0	2	0	0
2	1	2	0	0
2	2	2	1	0
2	3	2	0	0
2	4	2	0	0
2	5	2	0	0
2	6	1	1	0
2	7	1	0	-1
2	8	2	0	0
2	9	2	0	0
2	10	1	0	0
2	11	3	1	0
2	12	3	1	0
2	13	3	0	-1
2	14	1	0	0
2	15	3	0	0
2	16	3	0	0
2	17	3	1	0
2	18	3	0	0
2	19	3	0	-1
2	20	1	0	0
2	21	2	0	0
2	22	1	0	0
2	23	1	0	0
2	24	3	0	0
2	25	2	0	0
2	26	1	1	-1
2	27	3	0	0
2	28	2	1	0
2	29	2	1	0
2	30	2	0	0
2	31	3	0	0
2	32	2	1	0
2	33	2	0	0
2	34	2	0	0
2	35	3	1	0
2	36	3	0	0
2	37	3	1	0
2	38	3	0	-1
2	39	1	0	0
2	40	1	0	0
2	41	2	0	0
2	42	3	0	0
2	43	3	0	0
2	44	2	0	0
2	45	3	0	-1
2	46	1	0	0
2	47	2	0	0
2	48	1	0	0
2	49	1	0	0
2	50	2	1	0
2	51	2	1	-1
2	52	2	0	-1
2	53	3	1	0
2	54	1	0	0
2	55	3	0	0
2	56	3	0	0
2	57	2	0	-1
2	58	3	0	0
2	59	1	0	-1
2	60	3	0	0
2	61	2	0	-1
2	62	3	0	-1
2	63	2	0	0
2	64	2	0	0
2	65	3	1	0
2	66	1	0	0
2	67	3	1	-1
2	68	1	0	-1
2	69	3	0	0
2	70	1	0	0
2	71	2	0	-1
2	72	3	0	0
2	73	3	0	0
2	74	3	1	0
2	75	3	0	0
2	76	3	1	0
2	77	3	1	-1
2	78	1	1	0
2	79	1	0	0
2	80	2	0	0
2	81	1	0	0
2	82	3	0	0
2	83	1	0	-1
2	84	3	0	0
2	85	2	0	0
2	86	2	0	0
2	87	3	0	0
2	88	2	0	0
2	89	2	0	0
2	90	1	0	0
2	91	3	1	0
2	92	3	1	0
2	93	3	0	0
2	94	3	0	0
2	95	3	1	0
2	96	3	1	0
2	97	3	0	0
2	98	3	0	0
2	99	3	0	0
2	100	3	0	-1
2	101	1	1	0
2	102	1	0	-1
2	103	3	0	0
2	104	3	0	0
2	105	2	0	0
2	106	1	0	0
2	107	2	0	0
2	108	1	0	0
2	109	1	0	0
2	110	1	1	0
2	111	1	0	0
2	112	2	0	0
2	113	2	0	0
2	114	2	0	0
2	115	1	0	0
2	116	2	0	0
2	117	3	0	-1
2	118	1	0	-1
2	119	2	0	0
2	120	3	0	0
2	121	2	0	0
2	122	2	0	0
2	123	1	0	0
2	124	1	0	-1
2	125	2	0	-1
2	126	3	1	0
2	127	3	0	0
2	128	3	1	-1
2	129	1	0	-1
2	130	1	0	-1
2	131	3	0	-1
2	132	2	0	0
2	133	1	1	-1
2	134	2	0	0
2	135	1	0	0
2	136	2	0	-1
2	137	3	0	0
2	138	1	1	0
2	139	1	0	0
2	140	1	0	0
2	141	1	1	0
2	142	1	1	0
2	143	1	0	0
2	144	1	1	0
2	145	1	0	0
2	146	1	0	0
2	147	1	0	0
2	148	3	0	0
2	149	1	0	0
2	150	2	0	0
2	151	3	1	0
2	152	3	1	0
2	153	3	0	0
2	154	3	0	0
2	155	3	0	0
2	156	3	0	0
2	157	1	0	0
2	158	1	0	0
2	159	1	0	0
2	160	3	1	0
2	161	3	0	-1
2	162	2	1	0
2	163	2	0	-1
2	164	3	1	0
2	165	3	0	0
2	166	3	0	0
2	167	2	1	0
2	168	2	1	0
2	169	2	0	0
2	170	3	0	-1
2	171	2	0	0
2	172	2	0	0
2	173	2	0	0
2	174	3	0	-1
2	175	2	1	0
2	176	2	0	-1
2	177	1	0	0
2	178	3	0	-1
2	179	2	0	-1
2	180	1	0	0
2	181	2	0	-1
2	182	1	0	0
2	183	1	0	-1
2	184	2	0	0
2	185	2	0	0
2	186	1	0	0
2	187	2	0	0
2	188	3	1	0
2	189	3	0	0
2	190	3	1	0
2	191	3	1	-1
2	192	3	1	0
2	193	3	1	0
2	194	3	1	0
2	195	3	1	0
2	196	3	0	-1
2	197	2	0	-1
2	198	3	1	0
2	199	3	0	0
