subjID	trial	choice	gain	loss
0	0	2	0	0
0	1	2	0	0
0	2	2	1	0
0	3	2	0	0
0	4	2	0	0
0	5	2	0	0
0	6	1	1	0
0	7	2	0	0
0	8	1	1	0
0	9	1	0	0
0	10	1	0	-1
0	11	3	0	0
0	12	3	0	0
0	13	2	0	0
0	14	1	0	0
0	15	2	1	0
0	16	2	0	0
0	17	2	0	0
0	18	1	0	0
0	19	1	0	0
0	20	3	0	-1
0	21	1	1	0
0	22	3	0	0
0	23	1	0	0
0	24	1	0	0
0	25	1	0	0
0	26	2	0	0
0	27	1	0	-1
0	28	2	1	0
0	29	2	0	0
0	30	2	0	0
0	31	1	0	0
0	32	2	1	0
0	33	2	1	0
0	34	2	1	0
0	35	2	1	0
0	36	2	0	0
0	37	2	1	0
0	38	2	0	0
0	39	2	0	0
0	40	1	0	0
0	41	2	1	0
0	42	2	0	0
0	43	2	0	0
0	44	2	0	-1
0	45	1	0	-1
0	46	3	0	0
0	47	3	0	-1
0	48	1	0	0
0	49	2	0	-1
0	50	3	0	0
0	51	1	0	0
0	52	3	1	-1
0	53	2	0	0
0	54	3	0	0
0	55	1	0	0
0	56	3	0	0
0	57	3	1	0
0	58	3	1	0
0	59	3	1	0
0	60	3	0	0
0	61	3	0	0
0	62	3	1	0
0	63	3	0	0
0	64	2	0	0
0	65	3	0	0
0	66	1	0	0
0	67	3	0	0
0	68	3	0	0
0	69	1	0	-1
0	70	2	0	0
0	71	3	0	0
0	72	2	0	0
0	73	3	0	0
0	74	3	0	0
0	75	1	0	0
0	76	1	0	0
0	77	2	0	0
0	78	3	0	0
0	79	1	0	0
0	80	2	0	0
0	81	2	0	-1
0	82	3	0	0
0	83	1	0	0
0	84	3	0	0
0	85	1	0	0
0	86	3	0	0
0	87	2	0	0
0	88	3	1	0
0	89	3	0	-1
0	90	2	0	0
0	91	3	0	0
0	92	3	0	0
0	93	1	1	0
0	94	1	0	0
0	95	1	1	0
0	96	1	0	0
0	97	1	1	-1
0	98	3	0	0
0	99	1	0	0
0	100	1	0	-1
0	101	1	1	0
0	102	1	0	0
0	103	1	0	0
0	104	2	0	0
0	105	1	0	0
0	106	1	0	0
0	107	2	0	0
0	108	1	1	0
0	109	1	1	0
0	110	1	0	0
0	111	1	0	0
0	112	1	0	0
0	113	1	0	0
0	114	1	1	0
0	115	1	0	0
0	116	1	0	0
0	117	1	0	-1
0	118	2	1	0
0	119	2	0	0
0	120	2	0	0
0	121	2	0	0
0	122	2	0	0
0	123	1	1	-1
0	124	2	0	-1
0	125	1	1	0
0	126	1	1	-1
0	127	2	0	0
0	128	1	0	0
0	129	2	0	-1
0	130	1	0	0
0	131	1	0	-1
0	132	2	1	-1
0	133	3	0	0
0	134	2	0	0
0	135	2	0	0
0	136	1	0	0
0	137	1	0	-1
0	138	3	1	0
0	139	3	0	0
0	140	3	0	0
0	141	2	0	0
0	142	2	0	0
0	143	2	0	0
0	144	3	0	0
0	145	3	0	0
0	146	1	0	0
0	147	3	1	-1
0	148	1	1	0
0	149	1	1	0
0	150	1	0	0
0	151	1	0	0
0	152	1	0	0
0	153	1	0	0
0	154	3	0	0
0	155	3	0	-1
0	156	2	0	0
0	157	3	1	0
0	158	2	0	0
0	159	3	0	0
0	160	3	1	-1
0	161	2	0	0
0	162	3	0	0
0	163	2	0	0
0	164	2	0	0
0	165	2	0	0
0	166	2	1	-1
0	167	1	0	0
0	168	1	0	0
0	169	2	1	0
0	170	2	0	0
0	171	2	0	0
0	172	1	0	0
0	173	2	0	0
0	174	1	0	0
0	175	2	0	0
0	176	1	0	0
0	177	3	1	-1
0	178	1	0	0
0	179	2	1	0
0	180	2	0	0
0	181	2	0	0
0	182	2	0	-1
0	183	1	0	0
0	184	3	1	0
0	185	3	1	-1
0	186	2	1	-1
0	187	3	1	-1
0	188	2	0	0
0	189	2	1	0
0	190	2	1	0
0	191	2	0	-1
0	192	3	0	0
0	193	2	0	0
0	194	1	1	-1
0	195	3	1	0
0	196	3	1	0
0	197	3	0	-1
0	198	1	0	-1
0	199	2	0	0
0	200	2	0	0
0	201	2	0	0
0	202	3	0	0
0	203	2	0	0
0	204	2	1	0
0	205	2	0	-1
0	206	3	1	0
0	207	3	0	0
0	208	1	0	0
0	209	3	0	0
0	210	1	0	0
0	211	3	1	0
0	212	3	0	0
0	213	2	0	0
0	214	3	0	0
0	215	3	0	0
0	216	3	0	0
0	217	1	0	-1
0	218	2	0	0
0	219	2	0	0
0	220	3	0	0
0	221	3	0	0
0	222	2	0	-1
0	223	3	0	0
0	224	1	0	0
0	225	1	0	-1
0	226	2	0	0
0	227	3	1	0
0	228	3	0	0
0	229	3	0	0
0	230	2	0	0
0	231	3	0	0
0	232	1	0	0
0	233	1	0	0
0	234	1	1	0
0	235	1	1	0
0	236	1	0	0
0	237	1	0	-1
0	238	3	1	0
0	239	3	0	-1
1	0	3	1	-1
1	1	1	0	0
1	2	2	0	0
1	3	3	0	0
1	4	1	0	0
1	5	3	0	0
1	6	3	0	-1
1	7	2	1	0
1	8	2	0	0
1	9	2	0	0
1	10	2	0	0
1	11	2	0	0
1	12	2	0	0
1	13	3	1	0
1	14	3	0	0
1	15	3	0	0
1	16	3	0	0
1	17	3	1	0
1	18	3	0	-1
1	19	2	0	0
1	20	1	0	0
1	21	1	0	0
1	22	3	0	-1
1	23	2	0	0
1	24	1	0	0
1	25	2	0	0
1	26	3	1	-1
1	27	1	1	-1
1	28	2	0	0
1	29	3	0	0
1	30	1	0	0
1	31	2	0	0
1	32	2	0	0
1	33	3	0	-1
1	34	2	0	0
1	35	1	0	0
1	36	3	0	-1
1	37	1	0	0
1	38	1	0	0
1	39	3	0	-1
1	40	2	0	0
1	41	2	1	0
1	42	1	0	-1
1	43	2	0	0
1	44	2	0	-1
1	45	3	0	0
1	46	3	1	0
1	47	3	0	0
1	48	3	0	0
1	49	3	0	0
1	50	2	0	-1
1	51	3	0	0
1	52	3	0	0
1	53	2	0	-1
1	54	1	0	0
1	55	2	0	-1
1	56	3	0	0
1	57	3	0	0
1	58	3	0	0
1	59	1	1	-1
1	60	2	0	0
1	61	1	1	0
1	62	3	0	0
1	63	1	0	0
1	64	1	0	0
1	65	1	0	-1
1	66	3	1	0
1	67	2	0	0
1	68	3	0	0
1	69	1	0	-1
1	70	3	0	0
1	71	3	0	0
1	72	1	0	0
1	73	2	0	0
1	74	3	0	0
1	75	3	0	0
1	76	1	0	0
1	77	2	0	0
1	78	1	0	0
1	79	2	0	0
1	80	2	0	0
1	81	3	0	0
1	82	3	0	-1
1	83	1	0	0
1	84	1	0	-1
1	85	3	0	0
1	86	3	0	0
1	87	3	0	0
1	88	1	0	0
1	89	2	0	0
1	90	2	1	0
1	91	2	0	0
1	92	2	0	0
1	93	3	0	0
1	94	2	1	0
1	95	2	0	0
1	96	1	0	0
1	97	2	0	0
1	98	2	0	0
1	99	3	0	0
1	100	2	0	-1
1	101	1	0	0
1	102	3	1	0
1	103	3	0	0
1	104	2	0	0
1	105	3	0	0
1	106	1	0	0
1	107	3	0	-1
1	108	1	0	0
1	109	1	1	0
1	110	1	1	0
1	111	1	1	0
1	112	1	0	0
1	113	1	0	0
1	114	1	0	0
1	115	3	0	0
1	116	2	0	0
1	117	3	0	0
1	118	1	0	0
1	119	3	0	0
1	120	1	0	-1
1	121	3	0	0
1	122	3	1	0
1	123	3	0	-1
1	124	2	0	0
1	125	3	0	-1
1	126	3	1	0
1	127	1	0	0
1	128	3	0	0
1	129	2	0	0
1	130	3	0	-1
1	131	2	0	-1
1	132	3	0	0
1	133	3	1	0
1	134	3	1	0
1	135	3	1	0
1	136	3	0	-1
1	137	2	0	0
1	138	1	0	0
1	139	3	0	0
1	140	2	0	0
1	141	3	0	0
1	142	1	0	-1
1	143	3	0	-1
1	144	1	0	-1
1	145	2	0	-1
1	146	1	0	0
1	147	3	0	-1
1	148	1	0	0
1	149	2	1	0
1	150	2	0	-1
1	151	1	0	0
1	152	3	0	0
1	153	2	0	0
1	154	3	0	0
1	155	3	0	0
1	156	2	0	0
1	157	1	0	0
1	158	1	1	0
1	159	1	0	0
1	160	1	0	0
1	161	2	0	-1
1	162	3	0	0
1	163	1	0	0
1	164	3	0	-1
1	165	3	1	0
1	166	3	0	0
1	167	3	0	0
1	168	2	0	0
1	169	2	0	0
1	170	3	0	0
1	171	1	0	0
1	172	3	0	-1
1	173	2	0	0
1	174	3	0	-1
1	175	2	0	-1
1	176	1	0	0
1	177	3	1	-1
1	178	1	0	0
1	179	2	1	-1
1	180	3	0	-1
1	181	2	0	0
1	182	2	0	-1
1	183	3	1	0
1	184	3	0	0
1	185	3	0	0
1	186	2	1	0
1	187	2	0	0
1	188	2	1	-1
1	189	2	0	-1
1	190	3	0	-1
1	191	1	1	0
1	192	1	1	0
1	193	2	0	0
1	194	1	1	-1
1	195	1	0	0
1	196	2	0	-1
1	197	3	1	-1
1	198	1	0	0
1	199	1	0	-1
1	200	3	0	0
1	201	3	0	0
1	202	3	0	0
1	203	2	0	0
1	204	1	0	0
1	205	2	0	-1
1	206	3	1	0
1	207	3	0	0
1	208	3	0	0
1	209	3	0	0
1	210	1	0	-1
1	211	3	0	0
1	212	2	0	0
1	213	3	1	0
1	214	3	0	0
1	215	3	1	0
1	216	3	0	0
1	217	3	0	0
1	218	3	0	0
1	219	3	0	0
1	220	3	0	0
1	221	2	0	0
1	222	2	1	-1
1	223	3	0	-1
1	224	2	0	0
1	225	2	0	0
1	226	3	1	0
1	227	1	1	0
1	228	1	0	-1
1	229	2	0	0
1	230	2	0	0
1	231	3	0	0
1	232	1	0	0
1	233	1	1	-1
1	234	3	1	0
1	235	3	0	0
1	236	3	0	0
1	237	3	1	0
1	238	3	0	0
1	239	3	0	0
2	0	3	0	-1
2	1	2	0	0
2	2	2	1	0
2	3	2	0	0
2	4	3	0	-1
2	5	2	0	0
2	6	2	0	0
2	7	1	1	0
2	8	1	1	0
2	9	1	0	0
2	10	1	0	0
2	11	1	0	0
2	12	1	1	0
2	13	3	0	0
2	14	1	0	0
2	15	1	0	-1
2	16	3	0	0
2	17	1	0	0
2	18	2	1	0
2	19	2	1	0
2	20	2	0	-1
2	21	3	0	0
2	22	2	0	0
2	23	2	1	0
2	24	2	1	0
2	25	2	0	0
2	26	2	1	0
2	27	2	0	-1
2	28	1	1	-1
2	29	2	0	0
2	30	2	1	0
2	31	2	0	0
2	32	2	0	0
2	33	2	1	0
2	34	2	1	0
2	35	3	1	0
2	36	2	1	0
2	37	2	1	-1
2	38	3	0	0
2	39	2	1	0
2	40	2	0	0
2	41	2	0	0
2	42	2	0	0
2	43	1	0	0
2	44	2	1	-1
2	45	3	0	-1
2	46	2	0	0
2	47	1	1	0
2	48	1	0	0
2	49	1	0	0
2	50	1	0	-1
2	51	2	1	0
2	52	2	1	-1
2	53	1	0	0
2	54	2	0	-1
2	55	1	0	0
2	56	2	1	-1
2	57	1	0	0
2	58	1	0	0
2	59	2	0	-1
2	60	3	1	0
2	61	3	0	0
2	62	1	0	0
2	63	3	1	0
2	64	3	1	0
2	65	3	0	0
2	66	3	1	0
2	67	3	1	0
2	68	3	0	0
2	69	3	0	0
2	70	3	0	0
2	71	3	0	0
2	72	3	0	0
2	73	2	0	0
2	74	1	0	-1
2	75	3	0	0
2	76	3	0	0
2	77	2	0	0
2	78	3	1	-1
2	79	1	0	0
2	80	1	1	0
2	81	1	1	0
2	82	1	0	0
2	83	1	0	0
2	84	1	1	-1
2	85	3	1	0
2	86	3	0	0
2	87	1	0	0
2	88	1	0	0
2	89	3	0	0
2	90	1	1	0
2	91	1	1	0
2	92	1	0	0
2	93	1	0	0
2	94	1	0	0
2	95	1	0	0
2	96	1	0	0
2	97	3	0	0
2	98	2	1	0
2	99	2	1	0
2	100	2	0	0
2	101	2	0	0
2	102	2	0	0
2	103	2	1	-1
2	104	1	1	0
2	105	2	0	0
2	106	1	1	0
2	107	1	1	0
2	108	1	1	0
2	109	1	0	0
2	110	1	0	0
2	111	1	1	0
2	112	3	0	-1
2	113	1	0	0
2	114	1	0	0
2	115	1	0	0
2	116	2	1	0
2	117	2	0	0
2	118	2	0	-1
2	119	1	0	0
2	120	2	0	0
2	121	3	0	0
2	122	3	1	-1
2	123	2	0	0
2	124	2	1	-1
2	125	3	0	-1
2	126	2	1	-1
2	127	1	0	0
2	128	2	0	0
2	129	3	1	0
2	130	3	0	-1
2	131	1	0	-1
2	132	2	0	-1
2	133	3	0	0
2	134	1	0	0
2	135	2	0	0
2	136	3	0	0
2	137	2	1	0
2	138	2	0	0
2	139	2	0	0
2	140	2	0	-1
2	141	3	1	0
2	142	3	0	0
2	143	3	0	0
2	144	3	0	-1
2	145	1	0	0
2	146	3	0	0
2	147	3	0	0
2	148	3	0	-1
2	149	2	0	0
2	150	2	0	0
2	151	2	0	0
2	152	2	0	0
2	153	3	1	0
2	154	3	0	0
2	155	3	0	0
2	156	3	0	0
2	157	3	0	0
2	158	1	0	0
2	159	1	0	0
2	160	1	0	-1
2	161	2	0	0
2	162	2	1	0
2	163	2	0	0
2	164	2	0	0
2	165	3	0	-1
2	166	2	0	0
2	167	1	0	-1
2	168	2	1	0
2	169	2	0	-1
2	170	3	1	0
2	171	3	0	-1
2	172	2	0	0
2	173	2	0	0
2	174	3	0	-1
2	175	1	0	0
2	176	1	0	0
2	177	2	0	0
2	178	3	1	0
2	179	3	1	0
2	180	3	0	0
2	181	3	0	-1
2	182	1	0	0
2	183	3	1	0
2	184	3	0	-1
2	185	1	0	0
2	186	2	0	-1
2	187	1	0	0
2	188	3	0	0
2	189	1	0	0
2	190	2	0	0
2	191	3	0	0
2	192	2	0	-1
2	193	1	0	0
2	194	3	0	0
2	195	3	0	0
2	196	3	1	0
2	197	3	1	0
2	198	3	0	0
2	199	3	0	-1
2	200	2	0	0
2	201	1	1	0
2	202	2	0	0
2	203	1	0	-1
2	204	3	0	0
2	205	2	0	0
2	206	3	0	0
2	207	1	0	-1
2	208	2	0	0
2	209	2	0	0
2	210	2	0	0
2	211	3	0	0
2	212	3	0	0
2	213	3	1	0
2	214	3	0	0
2	215	3	0	0
2	216	2	0	0
2	217	2	0	-1
2	218	1	0	-1
2	219	3	1	0
2	220	3	1	0
2	221	3	0	0
2	222	3	0	0
2	223	3	0	0
2	224	2	0	0
2	225	2	0	0
2	226	3	0	0
2	227	3	0	0
2	228	1	0	-1
2	229	3	0	0
2	230	3	0	0
2	231	2	0	0
2	232	1	0	-1
2	233	3	0	0
2	234	3	0	0
2	235	3	0	-1
2	236	1	0	0
2	237	1	0	0
2	238	1	1	-1
2	239	3	0	-1
