subjID	trial	choice	gain	loss
0	0	2	0	0
0	1	2	0	0
0	2	2	1	0
0	3	2	0	0
0	4	2	0	0
0	5	2	0	0
0	6	1	1	0
0	7	2	0	0
0	8	1	1	0
0	9	1	0	0
0	10	1	0	-1
0	11	3	0	0
0	12	3	0	0
0	13	2	0	0
0	14	1	0	0
0	15	2	1	0
0	16	2	0	0
0	17	2	0	0
0	18	1	0	0
0	19	1	0	0
0	20	3	0	-1
0	21	1	1	0
0	22	3	0	0
0	23	1	0	0
0	24	1	0	0
0	25	1	0	0
0	26	2	0	0
0	27	1	0	-1
0	28	2	1	0
0	29	2	0	0
0	30	2	0	0
0	31	1	0	0
0	32	2	1	0
0	33	2	1	0
0	34	2	1	0
0	35	2	1	0
0	36	2	0	0
0	37	2	1	0
0	38	2	0	0
0	39	2	0	0
0	40	1	0	0
0	41	2	1	0
0	42	2	0	0
0	43	2	0	0
0	44	2	0	-1
0	45	1	0	-1
0	46	3	0	0
0	47	3	0	-1
0	48	1	0	0
0	49	2	0	-1
0	50	3	0	0
0	51	1	0	0
0	52	3	1	-1
0	53	2	0	0
0	54	3	0	0
0	55	1	0	0
0	56	3	0	0
0	57	3	1	0
0	58	3	1	0
0	59	3	1	0
0	60	3	0	0
0	61	3	0	0
0	62	3	1	0
0	63	3	0	0
0	64	2	0	0
0	65	3	0	0
0	66	1	0	0
0	67	3	0	0
0	68	3	0	0
0	69	1	0	-1
0	70	2	0	0
0	71	3	0	0
0	72	2	0	0
0	73	3	0	0
0	74	3	0	0
0	75	1	0	0
0	76	1	0	0
0	77	2	0	0
0	78	3	0	0
0	79	1	0	0
0	80	2	0	0
0	81	2	0	-1
0	82	3	0	0
0	83	1	0	0
0	84	3	0	0
0	85	1	0	0
0	86	3	0	0
0	87	2	0	0
0	88	3	1	0
0	89	3	0	-1
0	90	2	0	0
0	91	3	0	0
0	92	3	0	0
0	93	1	1	0
0	94	1	0	0
0	95	1	1	0
0	96	1	0	0
0	97	1	1	-1
0	98	3	0	0
0	99	1	0	0
0	100	1	0	-1
0	101	1	1	0
0	102	1	0	0
0	103	1	0	0
0	104	2	0	0
0	105	1	0	0
0	106	1	0	0
0	107	2	0	0
0	108	1	1	0
0	109	1	1	0
0	110	1	0	0
0	111	1	0	0
0	112	1	0	0
0	113	1	0	0
0	114	1	1	0
0	115	1	0	0
0	116	1	0	0
0	117	1	0	-1
0	118	2	1	0
0	119	2	0	0
0	120	2	0	0
0	121	2	0	0
0	122	2	0	0
0	123	1	1	-1
0	124	2	0	-1
0	125	1	1	0
0	126	1	1	-1
0	127	2	0	0
0	128	1	0	0
0	129	2	0	-1
0	130	1	0	0
0	131	1	0	-1
0	132	2	1	-1
0	133	3	0	0
0	134	2	0	0
0	135	2	0	0
0	136	1	0	0
0	137	1	0	-1
0	138	3	1	0
0	139	3	0	0
0	140	3	0	0
0	141	2	0	0
0	142	2	0	0
0	143	2	0	0
0	144	3	0	0
0	145	3	0	0
0	146	1	0	0
0	147	3	1	-1
0	148	1	1	0
0	149	1	1	0
0	150	1	0	0
0	151	1	0	0
0	152	1	0	0
0	153	1	0	0
0	154	3	0	0
0	155	3	0	-1
0	156	2	0	0
0	157	3	1	0
0	158	2	0	0
0	159	3	0	0
1	0	2	0	0
1	1	2	0	0
1	2	3	0	0
1	3	1	0	0
1	4	1	0	0
1	5	2	0	0
1	6	2	1	0
1	7	2	0	0
1	8	2	0	0
1	9	2	0	0
1	10	1	0	0
1	11	3	0	0
1	12	1	0	0
1	13	2	0	0
1	14	1	0	0
1	15	2	0	0
1	16	1	0	0
1	17	3	1	-1
1	18	1	0	0
1	19	2	1	0
1	20	2	1	0
1	21	2	1	0
1	22	2	0	0
1	23	2	0	0
1	24	2	1	0
1	25	2	1	-1
1	26	2	1	0
1	27	2	1	-1
1	28	3	0	0
1	29	2	1	0
1	30	2	1	0
1	31	2	0	0
1	32	2	0	0
1	33	2	0	0
1	34	1	1	0
1	35	2	1	0
1	36	2	1	0
1	37	2	0	-1
1	38	1	0	0
1	39	1	0	0
1	40	2	0	0
1	41	2	0	0
1	42	3	0	0
1	43	2	0	0
1	44	2	1	0
1	45	2	0	-1
1	46	3	0	0
1	47	3	0	0
1	48	1	0	0
1	49	2	0	-1
1	50	1	0	0
1	51	3	1	0
1	52	3	0	0
1	53	2	0	-1
1	54	3	0	0
1	55	3	0	0
1	56	3	0	0
1	57	1	0	-1
1	58	2	1	0
1	59	2	0	0
1	60	2	0	-1
1	61	3	0	0
1	62	3	0	0
1	63	2	0	0
1	64	1	0	0
1	65	2	0	-1
1	66	1	0	0
1	67	3	1	0
1	68	3	0	0
1	69	3	0	0
1	70	2	0	0
1	71	3	0	0
1	72	1	0	0
1	73	1	0	0
1	74	1	0	0
1	75	2	0	0
1	76	1	0	0
1	77	2	0	0
1	78	3	1	0
1	79	3	0	-1
1	80	2	1	0
1	81	2	0	0
1	82	2	0	0
1	83	2	0	0
1	84	1	0	0
1	85	3	0	0
1	86	2	0	0
1	87	3	1	0
1	88	3	0	-1
1	89	2	0	0
1	90	1	0	0
1	91	2	0	0
1	92	2	0	0
1	93	3	1	0
1	94	3	0	0
1	95	3	0	0
1	96	3	0	0
1	97	3	0	0
1	98	1	0	-1
1	99	3	0	0
1	100	2	0	0
1	101	1	1	0
1	102	1	0	-1
1	103	3	0	0
1	104	2	0	0
1	105	2	0	0
1	106	3	0	-1
1	107	1	1	0
1	108	1	1	0
1	109	1	0	0
1	110	1	0	0
1	111	1	0	0
1	112	1	0	0
1	113	3	0	-1
1	114	2	0	0
1	115	1	0	0
1	116	3	0	-1
1	117	1	0	0
1	118	1	0	0
1	119	3	0	-1
1	120	2	0	0
1	121	2	0	0
1	122	1	0	-1
1	123	3	0	0
1	124	2	0	-1
1	125	3	0	0
1	126	3	1	0
1	127	3	1	0
1	128	3	0	0
1	129	3	0	0
1	130	3	0	-1
1	131	2	0	0
1	132	2	0	-1
1	133	1	0	-1
1	134	3	1	0
1	135	3	0	0
1	136	3	0	-1
1	137	2	0	0
1	138	2	0	0
1	139	1	1	-1
1	140	2	0	0
1	141	1	1	0
1	142	3	0	-1
1	143	1	0	0
1	144	1	0	0
1	145	1	0	-1
1	146	3	0	0
1	147	1	0	0
1	148	3	0	0
1	149	1	0	0
1	150	1	0	0
1	151	3	0	0
1	152	1	0	0
1	153	1	0	0
1	154	3	0	0
1	155	3	0	0
1	156	1	0	0
1	157	2	1	0
1	158	2	0	0
1	159	2	0	0
2	0	2	0	0
2	1	3	0	0
2	2	3	0	-1
2	3	1	0	0
2	4	1	1	-1
2	5	3	0	0
2	6	3	0	-1
2	7	2	0	0
2	8	1	0	0
2	9	1	1	0
2	10	1	1	0
2	11	1	0	0
2	12	1	0	0
2	13	2	0	0
2	14	1	1	0
2	15	1	0	0
2	16	1	0	0
2	17	1	0	-1
2	18	2	0	0
2	19	3	1	-1
2	20	2	0	-1
2	21	1	0	0
2	22	3	1	0
2	23	3	0	0
2	24	3	0	0
2	25	3	0	0
2	26	1	0	0
2	27	3	0	-1
2	28	1	0	0
2	29	1	1	0
2	30	1	1	0
2	31	1	0	0
2	32	1	0	0
2	33	1	0	-1
2	34	3	0	0
2	35	3	0	0
2	36	3	0	0
2	37	3	1	0
2	38	3	1	0
2	39	3	1	0
2	40	2	1	-1
2	41	3	0	0
2	42	3	1	0
2	43	3	0	-1
2	44	2	0	0
2	45	3	0	0
2	46	3	0	0
2	47	1	0	0
2	48	1	0	0
2	49	1	0	0
2	50	2	0	-1
2	51	3	0	0
2	52	3	0	0
2	53	3	1	0
2	54	3	0	0
2	55	3	1	0
2	56	3	0	0
2	57	3	0	0
2	58	2	0	0
2	59	3	0	0
2	60	2	0	0
2	61	3	0	0
2	62	1	0	-1
2	63	3	0	0
2	64	2	0	-1
2	65	1	0	-1
2	66	2	0	0
2	67	3	1	0
2	68	3	0	0
2	69	3	1	0
2	70	3	0	-1
2	71	1	0	-1
2	72	3	0	0
2	73	3	0	0
2	74	3	1	0
2	75	3	0	0
2	76	3	0	0
2	77	3	0	0
2	78	2	0	-1
2	79	3	0	0
2	80	3	0	0
2	81	3	0	0
2	82	3	0	0
2	83	2	0	0
2	84	3	0	-1
2	85	3	1	0
2	86	3	0	0
2	87	3	0	0
2	88	2	0	0
2	89	2	0	0
2	90	3	0	0
2	91	1	0	0
2	92	3	0	0
2	93	2	0	0
2	94	3	0	0
2	95	2	0	-1
2	96	3	0	0
2	97	3	0	0
2	98	1	1	0
2	99	1	1	-1
2	100	3	0	0
2	101	1	0	0
2	102	1	0	-1
2	103	3	0	0
2	104	3	0	0
2	105	2	0	0
2	106	1	1	0
2	107	1	0	0
2	108	1	1	0
2	109	1	0	0
2	110	1	0	-1
2	111	2	0	0
2	112	2	0	0
2	113	3	0	0
2	114	3	0	0
2	115	1	0	0
2	116	3	0	-1
2	117	2	0	-1
2	118	1	0	0
2	119	1	1	-1
2	120	3	0	0
2	121	3	0	0
2	122	3	0	-1
2	123	1	1	0
2	124	1	0	0
2	125	1	0	-1
2	126	3	1	0
2	127	3	0	0
2	128	3	0	0
2	129	3	1	0
2	130	3	0	0
2	131	3	1	0
2	132	3	1	0
2	133	3	1	0
2	134	3	1	0
2	135	3	1	0
2	136	3	1	0
2	137	3	0	0
2	138	3	0	-1
2	139	1	0	0
2	140	3	0	0
2	141	2	0	0
2	142	2	0	-1
2	143	3	0	-1
2	144	2	0	0
2	145	1	0	0
2	146	3	0	0
2	147	1	1	0
2	148	1	0	0
2	149	1	0	0
2	150	1	0	0
2	151	2	0	0
2	152	1	0	0
2	153	1	0	-1
2	154	3	1	0
2	155	3	0	0
2	156	3	0	0
2	157	3	1	0
2	158	3	0	0
2	159	3	0	0
